1069
1299
1311
986
799
836
1563
1266
1308
1198
1203
1155
970
988
940
778
958
1435
1270
1076
993
1315
1062
896
1021
1327
1225
901
979
1405
1370
1304
1008
1052
948
1447
1464
947
1404
1310
970
1357
901
908
1445
1275
1331
1363
932
1403
1353
1048
1407
896
1441
1365
1331
1364
877
1432
1319
1261
1328
1116
1356
1204
1268
1299
1204
1353
1272
1193
1218
955
1365
1136
1267
1273
918
870
899
795
1376
1282
1351
1117
898
1039
1138
931
1366
1005
1022
1388
1134
1099
1222
909
1278
1117
1089
1363
1038
1322
1257
965
1512
947
1423
1354
1314
1359
941
1295
1196
1248
1327
1054
1315
1248
1017
1447
1107
990
1414
1295
1195
1172
1119
1294
1139
1202
1146
959
840
788
756
1236
1130
1203
990
883
1093
1171
1129
1239
893
811
1362
1341
1141
1388
1157
1330
1286
1053
1418
1306
1324
1342
968
1468
1310
1230
903
770
1407
1350
1259
981
1154
952
900
1396
1208
985
964
935
1397
831
807
1244
1252
1131
1014
953
1064
910
1107
1015
804
779
844
1270
1099
917
916
931
804
854
882
869
881
998
959
860
893
833
832
793
940
1282
1016
932
989
1088
918
1337
1166
922
979
813
994
1390
1314
994
1015
1245
991
933
1315
1123
914
915
1499
1407
1352
1057
1349
982
1140
1456
1373
1410
1296
1317
1002
1323
1323
1253
1372
1055
1319
1267
1142
1393
945
1428
1277
1100
1412
847
1346
1041
970
1471
1312
1309
1260
1143
1314
1079
1049
1335
949
1162
844
852
1452
801
819
1409
1293
1239
1204
1215
920
1110
1303
1207
897
960
1402
1260
970
1363
1222
1091
1259
1111
1301
1318
964
1345
1076
1012
1182
1352
929
1331
1076
934
1360
981
873
1380
1248
1146
1351
1172
1012
1348
835
777
950
855
1365
873
816
1313
986
1139
1058
918
1313
1017
855
1331
1232
862
952
1381
896
907
1438
1257
1309
1284
941
1391
1212
947
1457
909
1403
1201
977
1201
1027
1042
1271
1151
841
866
1340
1249
872
943
1358
1128
1250
1250
925
1329
1269
961
1322
1295
1167
1376
1222
1135
1415
916
1394
1372
912
1374
1256
989
1351
1247
951
1325
1029
944
1406
1276
1252
1302
968
930
1439
1260
1276
1268
940
1323
1297
920
1198
866
819
1400
1319
1365
1248
1288
1299
1043
892
1337
1165
893
937
1506
1267
1256
1290
976
1329
1185
896
1346
1238
975
1329
1206
1284
1110
874
1397
1283
980
936
840
808
1089
871
1328
1211
1002
966
1146
1145
949
993
1013
947
896
972
937
876
1223
953
802
771
781
848
812
906
1358
1188
990
1110
1150
917
1238
1218
924
793
754
900
1531
1379
1172
973
1046
1230
1129
1037
871
933
1311
1160
892
1169
1363
1274
951
823
1396
1406
1196
823
797
1354
965
1335
1105
883
1045
1322
978
969
1335
1254
914
1323
1299
1198
979
1344
1269
1055
1289
1276
910
960
1375
1271
1010
1307
1157
887
824
799
835
1431
1165
914
819
811
795
754
938
1248
979
1013
948
886
845
784
796
1026
1268
871
855
1063
1041
857
827
884
834
801
855
1078
878
824
924
918
872
847
885
964
1072
889
906
939
943
845
922
1326
956
802
810
930
1033
1235
1319
1026
903
902
942
945
1367
1246
916
975
1392
1230
1261
1308
948
836
1375
1288
863
761
773
1384
1278
1247
907
957
1306
1298
905
1354
1028
824
879
1453
1308
1159
1210
1054
848
812
777
798
750
862
793
874
831
755
793
918
1035
893
860
849
839
782
813
872
854
851
925
1044
934
906
823
753
737
781
887
1273
1093
899
792
758
729
774
769
708
734
793
877
811
866
893
825
767
774
756
725
825
872
962
1039
933
784
772
741
729
753
745
1556
922
871
847
814
843
855
860
846
775
828
897
994
896
1271
1190
976
1087
1010
901
1066
833
1342
1065
979
1021
1286
1122
930
1375
1319
1145
1204
1235
1325
1359
1060
1425
1313
1344
1299
1154
1251
1000
913
1364
979
923
1297
924
1148
1250
963
1134
1328
926
938
1264
853
821
1360
1208
1060
844
829
845
806
1322
1160
1019
1037
1197
1069
1292
1112
913
1355
1153
1019
1254
1243
1133
1147
1090
1052
1151
1151
1181
1309
1165
1225
1289
1063
953
1417
983
861
1501
1394
1361
1338
997
899
1340
849
799
1118
1389
931
877
940
1342
938
912
1271
846
822
756
784
1296
1077
830
806
750
726
767
793
886
1229
1085
840
880
962
1142
910
1167
1266
905
1391
1345
902
1421
1332
852
1032
1355
832
1390
1128
1399
1294
1204
1338
935
898
1584
1416
1388
1379
1338
1359
1311
898
1438
1457
989
1437
1399
961
1391
922
827
824
1544
1300
832
804
966
1425
1290
1199
906
945
1313
1214
960
1231
1254
1069
960
1332
1243
926
820
837
780
1458
1297
1222
853
763
813
1300
967
800
779
1100
1160
962
1229
1244
1193
975
1381
1348
1036
1108
1044
852
1504
1229
1292
1233
887
1350
1314
1209
1348
1188
1077
1353
1212
896
1402
1375
1221
1039
1340
1214
919
1430
1360
1264
1346
1208
1267
1270
1163
1300
1300
1120
1145
1364
1251
1278
1243
1082
1069
1406
1274
1033
1349
1263
889
1394
858
775
1471
1315
1322
1234
998
1321
1210
903
1392
1299
880
1406
1337
1042
1404
1330
986
1400
1149
926
1563
1346
931
832
979
839
818
833
1214
1181
1162
939
824
800
808
850
762
717
746
801
1277
1192
1152
1136
1192
1260
1230
1329
1325
1304
1247
1353
1340
1249
1253
1341
1189
1271
832
808
1524
1368
1327
1278
1284
990
965
1400
1299
961
1396
1294
1057
1401
1284
1087
1456
1334
1004
1411
1283
1009
1380
1296
1001
1405
1317
1150
1378
1260
1080
1367
1265
1031
1296
1220
967
1389
1254
1218
1323
1032
1111
1400
961
1337
1300
1195
1304
840
827
1456
1271
1234
1238
993
1062
1264
911
1127
1147
878
929
1192
967
832
841
1021
1327
975
993
1315
1191
1072
1300
929
824
856
1477
938
931
842
1387
1116
860
863
1296
921
926
1191
847
902
1360
1050
1347
1236
914
1325
999
884
1430
1303
1139
1078
905
911
1069
1464
1384
1131
1147
1364
1031
1366
1364
1339
1328
1336
1255
1357
1281
1148
1340
1067
986
1529
1391
1426
1312
1059
1445
1333
1329
1321
1131
1311
1366
1271
1275
1243
1202
1424
1370
967
1479
1292
1421
1320
951
1424
1357
941
1521
1317
1340
1234
1008
1358
975
977
1392
1155
1039
1347
1018
1356
1295
987
1195
1355
1389
1215
1063
1209
890
1399
907
901
1292
1055
1211
1020
917
1259
968
856
793
740
922
1313
874
967
1077
883
798
750
746
736
788
788
806
1012
978
812
797
811
777
787
1083
941
1049
1115
890
938
1279
895
811
870
1477
937
1423
1345
1417
1377
1396
1437
1357
969
1565
1390
825
779
820
1664
1519
1418
1335
1306
934
1321
1242
1179
873
1352
1223
1050
1079
1567
1380
1020
1489
1394
1095
1521
1379
929
1495
1396
1325
894
1537
1343
1365
1322
1300
1283
1237
1315
1241
1267
1327
928
1333
1318
1220
1519
1349
995
1479
1369
1423
1445
1324
1376
1353
913
1436
1330
1334
1397
1267
1293
1432
1324
1300
1378
1277
1290
1435
920
1425
1375
1239
1357
954
805
839
849
794
1462
904
831
986
1162
950
815
813
851
955
831
842
916
981
883
938
1246
1129
864
872
903
1144
887
959
1332
919
782
751
832
977
1015
1426
1302
929
871
942
870
902
779
776
817
1371
1287
1172
1102
1038
883
1017
1286
1234
1139
915
1036
1157
851
899
1315
832
905
1291
883
811
849
1467
848
938
1419
875
960
1410
907
1467
963
891
1453
1340
1243
1015
923
1392
1344
952
919
947
1430
910
953
1018
875
1346
1229
912
1342
1251
1188
1244
1140
987
1423
1020
940
1455
1220
984
1406
865
1369
1395
906
1444
1354
1327
1391
963
930
1458
1369
1372
1344
1147
1101
1442
1317
1040
870
793
1529
1074
1360
1327
1010
1312
1322
968
1344
1308
994
1365
1359
1072
1418
1295
1006
1397
1338
1110
1446
1357
1063
1430
1324
1031
1445
1330
1287
1365
1224
866
902
1429
884
971
1378
991
877
1130
1200
1062
885
916
1309
1159
897
936
1343
953
970
1365
1154
954
1182
1230
882
964
1440
1144
1065
1394
1261
975
1350
1202
897
1053
972
865
1425
1049
1292
1250
925
967
1312
1010
886
883
914
846
1419
1169
938
938
1192
936
1078
1216
920
1022
1243
910
943
1333
1021
1354
1028
954
1428
1029
1378
1297
931
1460
1252
1342
1304
1298
1395
1207
1360
1253
1300
1354
934
790
771
1471
1406
1384
1302
1224
1215
979
1109
1218
1033
1144
1338
1240
1284
1282
1255
1262
1361
1139
896
1447
1238
1245
1023
897
1425
847
879
1431
1271
1284
1190
909
1401
1337
1103
1323
1330
1097
913
1434
1041
1371
1229
905
1400
1267
1229
1303
1137
1331
1245
1021
1369
1089
1406
1313
1349
1429
1416
1396
1166
1383
1259
1086
1321
1199
1211
1271
1162
1242
1170
1212
1251
1064
1141
1326
1163
1279
1220
1149
1305
978
1242
1206
957
1374
1297
1165
1362
1237
1001
1343
1190
873
792
868
1444
1284
1346
1013
953
1286
1000
983
1363
1271
1070
1333
1010
993
1407
1063
1144
1397
1185
991
1386
1236
1260
1342
1199
1400
1173
935
1403
1325
1132
1322
1258
1197
1260
1021
1200
967
1074
1172
1334
1299
1185
1207
998
886
870
846
1111
1281
923
1050
1206
963
916
950
865
938
909
923
1358
1123
877
807
762
1375
1236
1060
1334
1221
970
1350
1144
913
1428
1373
1354
1326
1184
1431
972
1559
1365
1377
1405
1343
1284
991
1479
1346
1375
1448
1246
1327
1347
927
1395
1319
1132
1414
1300
970
1399
1339
943
1349
1275
1132
1310
1322
979
1349
1346
1239
1035
1376
1146
938
1204
1364
928
863
1344
919
909
1416
1277
1286
1154
935
1318
1258
887
893
1372
1126
897
1457
1366
841
786
781
1487
1428
1388
1333
1301
1134
847
862
1319
1200
1040
1166
1326
1153
907
1372
1326
1297
897
894
1438
1327
1312
1363
1049
1134
1387
1265
941
1330
1263
945
979
1347
1136
993
1368
1047
846
950
1450
806
801
812
935
835
790
752
2131
666
649
632
621
610
604
608
629
639
625
616
634
680
706
695
688
724
806
956
961
820
854
963
893
818
1299
1249
1058
1000
1348
1413
1330
1252
1247
1109
1282
1229
1091
1400
1240
1319
1307
1207
853
1438
1444
1377
1303
1050
1363
1354
1102
1362
1362
1235
1253
1269
1307
863
899
1453
1267
1028
923
1369
1280
1132
961
1421
1376
1335
933
1404
1220
985
1437
1150
1289
1361
1043
1186
1304
1306
933
1344
1347
1209
1261
1264
1264
1333
1209
978
1418
1276
1372
1390
1221
1313
1346
1300
1284
1283
1285
1356
1221
1016
1419
1270
957
1399
1133
982
1442
1252
825
1395
1331
1272
1103
1359
1330
1243
1233
1324
1279
1285
1247
1204
1235
937
781
1499
1167
1199
1325
1298
1300
1097
1304
1219
998
1204
1273
1186
1172
1333
1293
1113
1390
1280
1005
1435
1287
1229
1335
1276
1021
1372
1266
1261
1230
1051
912
1370
1264
1056
1259
1263
1145
1222
1306
1173
1038
1372
1258
1148
1342
1277
1233
1301
1237
1129
1115
1281
1131
1284
1186
1697
1189
1137
1227
1065
1014
975
867
906
1351
1231
979
1289
1188
1011
1123
1357
1311
1349
1262
1288
1365
1257
1304
1165
915
1382
1254
911
1390
1283
1170
1244
1249
1087
1315
1063
1202
1363
1166
1280
1267
926
868
785
1497
1314
1346
1210
1185
1210
1146
1057
1152
1239
1063
980
1307
926
1311
1302
1233
1312
1247
1059
1239
1207
967
1430
1245
943
963
1355
1260
1257
1135
1253
1195
1142
1332
1228
1093
1284
1231
1134
1395
1220
1200
1323
1215
1210
1345
1134
1296
1373
1253
1327
1282
978
1444
1261
1100
1405
1227
1342
1262
1181
1327
1245
1288
1337
1288
1015
1383
1262
1179
1282
1181
1258
1318
1043
827
847
1508
1283
1293
1212
1007
1261
1118
895
1327
1224
931
946
1391
1262
1238
1313
1253
873
771
779
1382
1394
1234
907
818
785
820
1287
1177
833
783
751
737
729
727
810
802
734
752
854
1005
951
910
828
830
925
1033
1156
1125
930
1051
1369
1245
959
1376
1267
963
1390
1366
1304
949
854
915
1480
1300
1318
1271
1165
1011
1086
1186
910
865
833
807
1377
1289
1329
1196
1022
1382
1088
1373
1321
1308
1348
1255
1398
1310
1301
1415
1118
1380
1308
951
1499
1294
1327
1391
1252
1348
1353
1169
1384
1290
1302
1338
1321
1342
1229
1140
1396
1004
1033
1376
1159
1327
1320
987
1368
1345
968
1421
1386
960
1362
1255
938
1440
923
1021
1482
1214
1360
1338
1280
1348
1270
1169
1375
1263
1100
1050
859
829
856
802
848
1288
891
784
773
767
819
938
917
835
812
809
813
816
802
874
897
932
922
1114
890
773
829
941
972
851
1016
1166
979
1281
1199
886
992
1481
1323
1353
1296
988
1010
1386
992
1457
1319
1326
1283
1239
1349
1265
1343
1265
1261
1361
1059
1428
1385
1271
1331
1257
1080
827
876
1364
1365
1313
1134
1294
1258
965
1103
1439
1146
1403
1303
990
1411
1259
1417
1477
1256
1450
1306
1265
1252
873
863
1427
1445
1318
1287
1271
907
917
1361
1032
960
1412
1302
995
867
834
807
1494
1388
1300
1038
1337
1089
928
1455
1315
921
1395
1358
982
1493
1380
1318
1460
1265
993
1410
966
1473
1433
1342
1368
1174
1049
1362
888
1189
1286
861
828
1378
1239
1317
1000
1328
1274
904
1156
1365
1313
1358
1264
1314
1389
1277
1364
1438
1365
1463
1339
1332
1299
983
1000
1489
1325
1305
1335
949
1289
1183
878
767
815
1442
1357
1313
1221
1020
1347
1342
1255
1170
1364
1157
867
929
1526
1399
1221
970
1356
1287
964
980
846
792
892
865
1274
1249
934
935
979
862
921
1125
1000
928
1218
1235
965
1282
1270
1218
1444
1369
1039
1448
1308
947
1479
1405
852
952
1511
1366
1327
889
841
1381
1318
1275
1251
1082
929
1433
1391
1343
1328
970
840
1479
1360
1062
888
972
1357
943
1362
1335
1214
1268
1151
1032
1430
1302
1293
1297
926
914
1623
1492
1312
1029
1378
1139
857
1437
1264
1296
1295
991
1409
1373
1031
1460
1280
1236
1396
1206
1279
1370
936
1092
1479
930
1464
1330
1020
1379
1225
1133
1417
1143
975
1439
1256
1017
952
876
862
1357
1297
1269
929
834
958
1385
1308
1000
952
1358
1315
968
1348
1256
826
796
885
1352
886
826
937
1270
1171
1057
892
880
1129
1095
1041
872
849
1091
1366
976
872
889
837
1003
1246
1273
1196
951
838
897
998
1350
1292
1023
1137
1337
1280
1291
869
769
878
1632
1473
1284
1159
1351
1286
976
1050
1368
955
1225
1186
925
1076
889
822
1390
1269
846
815
790
841
818
859
862
785
832
1179
1078
859
851
852
887
1153
1070
857
849
1207
937
1172
1276
1041
1351
1333
956
1456
1253
1058
1558
1448
1395
1242
848
867
1452
1354
1384
997
1349
1195
1243
1343
940
807
1020
1458
1323
1280
1227
975
1358
1368
1270
940
1383
1439
1299
1227
1440
1305
1350
1097
1244
1442
1054
4528
1092
1991
5246
803
794
1776
1858
842
880
859
791
3295
787
804
817
819
817
844
877
382
519
938
908
869
853
992
1205
1029
1035
872
836
855
879
967
941
982
985
855
907
931
889
1233
1141
1061
1043
1374
1144
1236
1156
976
1354
1306
1264
1108
1153
1303
1301
1239
1279
1222
1329
1432
1354
1059
1097
879
1552
1379
1348
1295
1368
1425
1354
1375
1401
1254
1372
1350
1410
1433
1074
1519
1415
1448
1423
1375
1416
1342
1016
1444
1458
1396
1104
842
1133
1500
1264
1332
1217
981
1361
1328
1241
1327
1352
1327
1310
1382
1415
1401
1480
1466
1349
1285
1308
1262
1393
1439
1175
1198
891
928
1448
1330
1392
1288
1220
1328
1213
980
1016
1366
1220
1219
1316
1192
1108
1291
1295
1185
1381
1316
902
784
975
1642
1452
1432
1270
1241
1179
1176
1268
1236
1267
996
963
1339
1005
927
1034
1348
980
872
961
844
805
858
882
845
866
879
868
831
906
982
1164
952
967
1316
1307
954
963
1403
1151
1417
1407
1315
1375
1329
1301
1442
1369
1351
1422
1327
1301
1392
1349
1288
1270
1054
886
1413
1298
987
1059
1340
904
877
792
910
1432
1298
1324
1293
1152
1354
1313
1267
1341
1299
1353
1452
1302
1383
1348
1238
1425
1382
1345
1438
1154
958
1473
1278
1297
1264
1199
1296
1339
1227
1022
1089
1381
885
864
852
858
1551
897
860
1440
1345
1259
1063
1313
1132
954
1300
1256
979
1076
1408
1330
1272
1331
1253
1207
1434
1361
1225
1012
974
838
816
873
1519
1326
1341
1268
1042
976
1091
1042
1246
1252
1074
1011
1225
1031
1150
1300
1220
1147
1395
1360
1339
1348
1357
1385
1394
1291
1309
1313
1214
1230
1372
890
942
1469
1364
1406
1219
1374
1302
1201
1338
1267
1352
1336
1117
1377
1268
1026
1356
878
904
794
909
1000
907
901
833
823
1275
999
1047
1136
1068
916
1007
1093
1034
982
1321
1216
1090
928
835
1434
1276
1411
1310
1031
1458
1336
1296
1353
1234
1532
1370
1444
1451
1267
1396
1437
1311
1088
1484
1410
978
980
1429
945
852
1498
1343
1360
1388
1329
1337
1413
1350
1375
1365
1318
1338
1330
1238
1451
1432
1373
1389
1332
1106
1324
904
1466
1267
1356
1353
1324
1420
1309
1339
1348
1190
1370
1140
1057
1120
1118
1401
1271
1176
1250
1147
946
1331
1327
1069
1390
1226
1208
1404
1226
989
1503
1080
1545
1038
959
953
873
1503
1169
1382
1306
1232
1220
1155
887
946
1320
1115
1207
1359
1124
1284
1302
1302
1359
1127
1436
1375
1310
1402
1304
1336
1114
882
1038
902
1548
1370
1373
1338
1278
1360
1276
1313
1340
1249
1350
1246
1141
1331
967
970
1453
1354
1339
1048
1017
991
1452
1361
1105
1436
1338
1320
1448
1382
1416
1471
1343
1424
1399
1380
1486
1359
1324
1324
1393
1451
1312
913
1016
1489
1373
996
841
1404
1265
1357
1326
1277
1350
1287
1024
1370
1298
1116
1467
1351
843
805
933
1539
1407
1333
1337
1202
1160
1314
1212
1017
1022
1272
1009
1029
1526
1435
1379
1368
919
1054
1460
1354
1357
1368
1097
1427
1374
1341
1413
1393
932
1463
971
828
833
1034
1705
1487
1377
1288
1202
1215
1018
972
1035
1185
899
822
1025
1297
1151
1080
1201
986
927
1211
1176
1135
1014
1362
890
789
813
788
1276
825
957
1200
904
1234
1040
1191
1289
1154
888
900
1485
1378
1327
1393
1320
1160
878
976
1498
1394
1396
1323
1049
1438
1315
1371
1449
1348
1189
1472
1354
1388
1429
1281
982
1044
1507
1367
1026
1306
1030
944
1507
1436
1387
1446
1397
1349
1447
1430
1327
1364
1305
1396
1394
1308
1356
1304
1119
1434
1367
1049
1426
1376
896
925
832
818
1463
1335
1353
1030
1018
1345
1176
995
1408
1335
1313
1404
1288
985
960
1537
1429
1429
1160
1533
1348
1429
1332
1192
1399
1028
1055
1447
983
1413
1366
1007
1404
914
1396
1323
960
1418
864
920
1318
1202
900
895
1369
1145
854
901
1382
966
874
1336
1100
850
867
850
877
795
799
905
1414
1304
1267
1244
1163
1268
1309
1258
1163
1292
1357
1302
1029
1038
1544
1433
1446
1427
1338
1435
1380
1401
1550
1393
1457
1450
1370
1399
1446
1375
1369
1428
1156
877
1591
1404
1404
1431
1318
1331
1414
1190
1327
1290
1091
1407