696
638
617
620
612
607
613
431
607
832
609
607
606
608
609
614
613
615
610
604
606
617
636
652
656
670
673
669
665
657
646
637
625
648
707
743
773
795
769
744
731
700
688
692
693
664
638
626
625
634
651
683
727
732
721
729
704
657
626
618
614
609
605
599
606
625
635
636
650
670
678
650
622
604
590
595
608
636
675
708
744
734
692
672
674
687
679
689
704
738
750
743
708
682
673
670
673
658
653
655
670
676
675
679
706
711
699
688
685
668
652
638
634
647
670
683
690
693
694
687
654
637
632
632
630
619
614
623
624
613
611
608
623
612
608
624
635
625
603
601
606
617
623
609
600
598
599
601
600
602
615
657
696
729
711
695
709
714
684
668
657
659
663
664
664
673
694
708
690
680
680
687
685
687
668
645
652
648
659
652
646
637
629
628
621
613
607
600
598
604
610
646
685
713
695
687
663
642
624
616
607
608
611
604
598
590
583
572
565
560
570
588
594
600
600
586
583
591
590
585
585
578
587
578
581
578
598
637
733
855
812
768
711
687
679
662
644
634
632
623
627
629
638
639
629
644
655
669
658
644
634
646
649
653
655
660
673
665
640
634
637
647
649
646
655
663
682
685
665
643
635
629
612
604
602
609
608
610
629
674
697
690
671
655
649
637
618
608
600
604
613
620
618
627
627
624
624
618
611
636
636
634
630
631
617
609
602
600
604
603
598
595
593
606
606
614
622
631
621
619
632
637
626
622
622
627
633
630
628
631
632
624
617
608
605
596
590
590
596
618
621
630
650
668
651
639
627
617
608
598
591
583
576
576
583
575
569
580
597
630
623
616
622
629
632
617
601
600
604
604
604
597
589
575
567
560
561
563
582
633
631
618
617
624
638
636
622
607
605
605
601
598
604
613
627
618
609
614
628
655
646
641
636
638
626
616
606
608
618
626
617
610
608
612
612
606
602
610
637
635
627
623
619
610
601
598
604
611
609
606
611
623
624
610
608
616
625
633
649
645
632
629
660
676
676
664
660
635
627
609
606
605
607
614
609
614
630
649
649
640
628
627
624
611
596
587
579
573
565
562
562
581
634
711
711
691
680
689
692
668
636
625
615
624
634
629
624
634
646
668
667
655
644
650
666
666
654
653
661
671
659
646
632
635
649
646
634
654
659
658
630
619
617
613
599
585
586
591
610
630
621
615
615
612
613
584
578
575
576
568
567
575
610
653
668
661
665
678
661
637
623
624
614
634
630
623
622
626
657
664
658
637
641
650
668
672
655
642
638
646
633
627
647
651
650
650
653
651
650
655
649
627
640
651
664
646
650
660
688
678
663
649
646
666
653
656
642
644
632
630
648
685
712
688
648
627
615
616
616
605
598
607
619
646
649
636
639
644
630
616
609
615
630
645
639
630
624
613
604
604
606
607
603
601
606
619
612
604
612
615
616
608
598
590
585
591
587
589
596
619
619
622
613
610
604
610
616
613
613
624
629
636
617
610
608
609
608
608
595
605
608
619
602
594
586
570
563
560
556
555
561
584
603
607
595
627
639
639
612
593
594
593
596
592
586
581
584
593
599
591
591
595
601
598
590
584
577
567
563
563
558
556
553
550
558
563
566
569
590
619
626
612
610
611
618
621
602
589
592
599
612
610
605
595
595
599
624
649
658
675
694
698
669
646
625
608
599
586
578
567
562
561
551
548
552
565
589
620
647
645
634
616
610
600
597
597
610
623
648
649
642
629
628
629
631
624
607
614
640
682
698
670
646
628
628
635
626
615
624
645
669
663
642
638
652
663
679
656
637
629
630
630
623
613
610
620
631
629
618
619
630
648
639
618
599
596
614
622
627
634
634
648
650
644
630
614
611
622
641
650
650
646
644
648
644
632
620
611
604
606
595
585
580
578
582
588
593
582
572
579
596
588
587
586
588
579
574
575
576
571
569
566
567
581
609
618
646
676
719
719
685
645
629
619
611
599
589
585
600
604
618
646
722
789
738
705
688
659
628
604
601
605
612
609
599
602
623
662
672
655
653
651
675
667
648
645
650
657
665
672
690
714
702
675
684
662
649
650
655
690
670
659
635
647
644
654
647
631
614
613
613
608
595
586
584
594
623
671
710
715
752
730
694
656
649
633
623
617
621
637
650
656
654
645
633
629
611
609
599
596
595
601
606
613
620
623
612
596
615
605
598
586
578
574
564
563
558
558
563
568
567
567
563
557
550
541
536
530
528
522
519
514
510
503
512
537
567
593
642
672
673
634
587
565
557
552
549
551
550
549
553
554
563
567
571
560
550
556
556
561
578
589
593
576
567
557
550
552
563
564
582
604
635
632
629
625
636
636
620
615
629
636
627
632
634
640
636
629
619
617
622
623
632
629
628
626
622
624
616
614
609
603
593
591
590
595
603
602
591
588
581
594
590
587
589
615
633
632
629
607
604
595
590
581
577
569
564
566
567
580
586
630
699
726
715
712
682
645
613
590
580
577
585
587
592
602
632
665
671
658
643
635
627
618
607
597
592
582
580
575
580
589
604
623
617
619
623
630
633
620
604
601
604
603
597
586
578
568
570
573
579
583
589
604
615
606
604
592
561
558
555
548
530
534
533
529
540
555
587
620
686
682
695
696
673
637
604
591
581
574
577
590
598
597
578
575
578
586
582
583
583
585
590
610
611
611
596
620
643
668
690
666
637
614
604
600
612
646
685
771
798
729
724
715
729
726
699
694
724
796
866
876
767
733
712
727
784
774
773
791
783
729
712
702
693
718
707
792
871
939
882
842
791
766
714
695
695
708
725
736
796
833
841
776
753
737
743
709
697
704
725
781
823
773
740
727
719
751
790
756
757
753
743
739
711
701
705
729
742
722
707
720
718
725
723
698
698
700
710
688
696
690
699
699
664
641
650
664
678
688
685
709
716
756
727
701
729
709
713
684
661
658
672
701
730
860
903
814
764
719
677
652
636
624
613
604
615
631
639
663
717
836
883
813
776
700
633
614
622
618
616
626
622
628
621
604
601
607
628
661
656
655
684
674
686
655
639
638
637
646
671
695
669
666
664
676
676
656
657
653
654
654
652
662
669
687
668
663
681
687
692
678
678
679
717
693
674
647
612
596
618
641
641
665
692
689
652
640
642
653
670
671
647
629
613
649
679
667
666
665
693
765
798
918
949
936
889
769
739
701
717
780
853
863
800
807
797
799
779
765
757
744
705
697
684
694
674
672
668
674
704
694
708
714
685
664
661
674
770
889
921
839
833
799
741
696
676
682
701
711
726
764
790
785
769
793
787
822
762
753
737
725
702
728
750
765
775
754
765
765
755
731
695
696
695
689
669
656
636
629
607
597
608
637
714
794
800
764
741
737
716
709
676
659
666
680
707
712
726
710
690
656
643
628
633
643
742
746
840
888
890
831
790
768
724
689
689
666
646
625
608
604
612
620
632
634
646
634
628
625
621
611
603
593
607
589
577
572
567
561
559
579
635
791
880
894
865
802
772
732
714
714
720
727
734
737
718
697
688
689
688
739
759
775
799
815
797
769
720
694
690
676
668
663
702
737
803
766
811
845
827
767
764
771
806
789
756
735
724
773
756
765
752
748
715
686
676
695
712
738
761
742
714
709
724
760
823
834
794
777
790
761
727
712
713
755
830
833
820
793
753
720
714
723
748
770
754
760
771
753
737
709
705
709
717
754
744
772
766
762
732
702
686
685
699
706
694
701
694
707
688
687
689
715
703
672
644
615
597
598
621
623
637
652
679
690
675
668
654
654
646
630
629
638
667
717
717
737
748
753
709
675
648
627
619
607
604
624
652
726
770
730
726
705
688
663
644
636
641
652
676
661
654
667
686
716
738
704
680
656
639
622
621
600
586
589
600
626
668
690
757
776
776
728
699
681
677
683
668
660
688
732
789
810
753
737
733
737
743
717
705
719
782
844
819
758
729
706
699
685
705
792
828
836
816
778
728
678
653
632
604
602
605
590
579
571
565
577
776
1019
809
764
680
699
735
764
791
775
762
729
712
691
658
647
655
675
713
742
789
823
822
769
734
724
721
732
705
700
739
785
803
789
734
705
701
721
767
742
730
724
729
709
691
716
740
774
769
735
709
698
683
688
695
697
690
696
715
738
731
714
714
718
738
751
721
724
709
695
671
656
668
658
642
635
630
613
603
594
594
583
574
574
578
589
607
636
665
688
742
748
759
772
780
767
733
690
633
604
598
611
686
835
880
805
755
713
686
649
622
613
604
593
586
581
576
572
583
627
697
726
750
866
905
839
776
731
701
700
688
684
678
656
646
628
627
633
670
727
759
805
821
824
784
728
682
656
640
636
629
621
619
618
629
657
690
704
705
683
691
695
717
714
704
720
724
755
713
700
710
724
766
797
802
777
740
726
693
673
664
674
673
695
704
698
665
654
649
637
643
664
668
697
702
673
640
617
612
608
604
598
599
593
580
586
632
692
748
742
767
756
746
715
672
646
641
650
687
698
695
729
763
765
719
689
687
700
705
690
702
728
736
713
700
689
699
686
675
693
714
729
703
694
683
689
667
648
652
657
680
675
691
725
743
714
686
665
624
604
606
609
607
624
638
654
658
647
635
636
637
644
629
618
627
641
685
674
677
678
680
676
643
629
629
649
659
661
652
645
636
634
628
629
646
694
794
851
777
756
740
706
668
634
623
616
632
646
632
626
636
653
663
661
673
668
669
652
641
638
633
643
633
642
655
694
700
679
649
639
624
627
611
596
586
586
610
723
1140
901
1002
964
904
774
723
680
665
647
641
618
629
670
691
693
684
651
646
646
654
657
662
679
713
780
746
729
734
749
756
745
744
749
791
824
768
772
767
770
752
730
696
692
701
702
703
693
707
694
691
714
725
760
761
745
711
687
677
671
660
627
628
636
666
729
764
747
754
687
665
674
647
645
666
714
713
704
709
700
709
743
722
744
769
763
732
723
714
729
716
691
677
679
664
666
643
632
638
622
604
596
584
602
666
782
847
865
850
818
765
727
690
661
653
640
647
674
724
785
823
784
755
680
660
663
646
645
646
650
651
651
664
693
726
784
772
727
702
682
679
655
633
623
628
639
639
645
646
659
665
647
635
612
600
588
570
565
569
574
573
564
567
604
635
627
713
750
720
703
685
671
662
646
646
685
753
891
875
869
847
809
756
723
717
718
709
725
703
703
707
734
704
654
644
619
608
599
590
579
580
583
588
583
585
602
623
629
628
617
614
615
612
607
601
604
619
663
723
759
728
741
720
739
731
723
705
715
732
714
699
688
680
683
668
673
706
753
766
745
713
694
686
680
664
660
657
655
656
651
658
663
679
674
662
663
654
657
642
628
638
647
682
696
695
695
693
689
663
639
628
624
620
624
617
621
627
651
686
693
679
674
673
678
671
649
628
618
616
629
629
625
620
618
624
636
644
639
621
624
594
581
571
562
552
545
547
547
541
542
551
560
567
578
582
586
589
596
601
597
600
607
629
670
697
688
659
631
615
598
595
599
598
585
579
572
573
573
573
595
608
604
572
572
568
576
584
574
582
596
621
653
649
643
649
645
645
629
620
614
624
635
633
622
615
639
658
696
691
689
668
667
659
636
625
617
614
613
618
609
607
604
623
647
684
689
716
731
713
694
641
615
602
599
599
593
598
605
613
615
604
615
624
652
656
656
659
668
672
664
653
635
626
629
633
624
627
607
593
599
592
613
616
632
666
813
914
851
777
722
671
647
623
628
633
660
736
728
695
676
664
640
638
642
665
702
759
739
747
728
714
696
656
652
663
685
732
768
737
738
721
718
721
712
694
693
709
744
753
730
674
648
634
639
650
641
646
675
702
698
659
640
628
625
614
609
606
619
656
688
672
680
640
607
590
578
563
551
548
552
546
548
568
592
618
655
675
662
663
654
657
654
672
680
725
773
767
760
748
740
719
708
714
708
702
695
688
697
698
700
706
711
729
696
686
676
680
702
693
690
678
680
689
655
630
618
618
623
612
628
671
739
788
754
754
736
747
709
682
648
632
631
647
671
688
682
688
700
712
705
676
650
638
633
648
640
648
654
672
670
654
637
621
626
632
630
608
600
604
611
624
636
625
636
647
659
669
653
647
645
665
670
675
686
695
710
703
698
715
720
733
711
676
675
673
701
720
692
675
667
660
668
655
655
653
652
655
655
667
683
715
714
694
705
697
693
686
673
655
653
644
650
639
638
637
649
701
789
825
791
746
729
682
669
641
630
625
646
685
681
674
694
722
745
765
775
715
670
650
647
650
679
672
665
679
684
719
739
716
736
730
704
662
631
615
622
627
614
613
630
650
694
731
712
679
662
650
643
629
609
601
604
605
617
626
627
627
631
635
640
639
635
635
635
643
657
691
706
714
730
727
706
677
649
649
662
670
691
700
728
708
688
656
631
614
609
609
621
646
661
681
699
705
715
718
698
669
655
653
654
652
649
647
655
653
660
659
658
646
620
610
612
609
607
608
601
602
592
587
600
628
684
734
737
765
777
779
735
722
705
698
681
667
663
665
686
698
710
736
769
779
731
723
734
719
686
670
672
694
713
729
710
678
663
657
651
666
664
657
642
629
630
626
615
630
614
627
664
647
631
616
601
598
594
585
585
592
593
592
582
578
576
570
569
573
581
598
616
635
648
649
657
658
682
678
673
679
709
752
812
837
807
782
744
731
756
786
780
807
766
800
808
791
790
742
722
710
719
735
767
783
772
764
726
677
653
639
636
640
658
666
689
714
692
695
683
679
675
675
671
665
669
673
698
719
731
723
706
691
665
658
641
633
638
641
663
690
695
718
744
762
749
714
698
685
672
655
641
627
621
620
626
609
600
609
657
727
760
795
784
737
701
672
651
639
632
640
658
692
745
747
739
734
732
709
688
667
665
676
703
729
789
751
754
743
723
692
664
653
635
621
604
606
634
680
767
770
752
743
747
728
714
686
661
661
656
635
632
631
647
682
703
702
699
714
721
706
648
637
641
634
627
620
611
614
614
628
664
695
740
811
854
819
777
751
714
696
669
662
694
773
842
905
846
825
791
775
762
724
674
655
639
650
645
626
647
645
628
646
688
748
787
780
753
715
673
645
641
643
646
659
683
715
719
706
691
693
688
702
709
685
682
684
699
710
686
691
696
716
721
716
703
699
692
667
652
637
625
641
652
646
804
837
854
808
778
737
701
681
662
658
650
648
643
641
652
658
695
728
732
684
679
685
676
681
676
674
674
686
676
654
634
630
631
676
754
896
1102
1024
908
813
753
715
690
700
693
669
682
672
658
653
658
664
664
652
641
626
611
602
603
597
616
658
771
870
834
797
723
702
655
632
614
600
597
593
587
584
579
572
572
566
566
575
592
607
644
642
625
607
605
603
616
639
660
626
646
638
628
621
607
605
598
595
599
589
583
586
608
626
651
681
688
673
655
638
640
638
626
620
609
598
589
586
582
578
582
595
625
699
796
946
956
980
915
795
741
686
639
632
612
612
636
682
755
782
792
763
742
698
668
643
640
635
637
633
631
620
615
611
604
617
619
623
643
660
692
676
680
672
661
662
652
647
634
622
604
598
596
613
650
664
682
716
722
707
660
629
610
610
610
628
644
668
692
744
778
784
750
731
710
670
644
628
620
611
609
617
621
642
651
668
686
700
683
694
688
668
640
623
613
621
626
628
631
638
646
646
627
637
635
624
613
617
623
624
647
660
685
681
653
645
640
627
627
616
625
637
627
625
634
663
703
683
687
691
695
660
646
630
616
626
635
645
671
691
697
703
700
701
672
643
637
643
638
646
644
668
661
659
668
662
650
639
637
649
636
633
635
646
644
628
626
634
630
611
610
616
613
629
655
675
689
680
661
654
638
604
589
588
589
602
604
603
614
632
629
628
633
620
618
612
611
609
602
594
594
596
580
573
557
561
578
584
602
616
646
668
655
649
646
625
599
590
594
604
630
645
651
704
773
765
748
737
712
659
620
609
618
641
638
630
644
646
672
648
622
614
619
618
604
604
608
627
633
624
625
625
637
626
607
605
610
634
644
648
650
671
662
655
629
609
592
592
601
627
721
858
837
741
690
657
658
645
635
639
643
651
630
606
600
587
588
591
599
628
687
710
701
731
768
730
673
646
633
609
587
571
569
566
568
569
583
593
589
590
592
590
572
563
555
553
553
573
611
678
740
819
825
747
707
666
633
623
605
604
625
661
735
745
722
695
676
657
655
646
648
654
668
696
681
667
687
689
695
687
670
654
640
630
614
611
623
622
629
639
631
637
617
599
586
580
578
580
582
589
609
664
750
747
663
643
636
643
660
641
619
611
609
606
598
585
581
588
611
646
675
732
757
752
715
687
670
653
665
663
646
653
658
665
669
664
648
639
613
610
580
586
587
609
623
654
676
660
649
650
641
613
600
595
593
587
573
570
576
584
602
609
613
633
646
684
670
672
691
694
688
654
626
622
628
645
638
628
646
690
728
711
696
684
672
658
641
644
658
664
676
668
676
687
682
668
682
689
674
646
629
635
646
663
684
734
746
725
706
700
681
664
636
633
656
673
687
688
679
675
667
666
641
633
632
644
660
661
665
679
693
702
672
641
632
636
651
659
644
639
639
653
650
652
668
701
730
714
688
656
641
625
620
620
633
648
674
682
675
690
666
646
616
612
606
612
606
604
628
655
709
700
684
668
644
613
581
580
592
601
613
617
618
622
622
624
618
611
613
622
662
691
678
657
653
656
671
666
658
662
674
690
659
638
632
640
684
691
693
722
741
739
689
655
635
624
616
601
597
609
617
642
643
635
649
665
685
685
653
618
585
580
579
594
612
606
609
626
670
672
643
623
630
644
640
619
609
619
643
655
650
643
676
702
688
660
660
664
620
590
586
597
605
625
624
612
618
632
643
653
673
679
704
723
729
690
665
663
658
635
609
593
586
593
587
612
653
746
774
754
702
659
641
628
618
603
591
590
591
591
595
585
571
569
572
578
612
628
646
659
672
661
632
612
613
620
631
624
621
642
668
701
696
710
693
677
668
699
676
650
646
648
646
650
649
675
692
700
680
665
650
664
655
662
697
735
763
735
704
696
687
669
653
670
693
702
691
695
695
727
694
684
709
767
748
716
669
672
688
734
733
754
729
715
685
669
691
719
744
747
760
745
751
722
688
664
662
668
700
680
670
665
668
672
675
687
708
730
693
674
669
660
669
640
619
604
607
626
621
600
612
648
676
689
655
649
646
644
629
624
629
636
633
622
626
644
693
722
681
654
655
664
657
635
656
689
719
712
715
716
727
733
705
717
717
706
672
651
661
666
658
652
673
699
688
675
661
684
700
690
661
664
653
636
623
608
600
609
622
641
630
649
670
621
617
637
651
626
615
617
632
654
643
652
685
731
740
707
688
674
688
686
670
693
725
731
706
675
681
698
720
757
741
737
716
697
672
656
661
675
718
729
729
717
704
688
671
666
675
706
700
696
695
727
731
697
678
664
679
657
630
634
636
649
645
655
646
634
602
594
597
599
602
595
587
586
595
609
619
630
639
630
623
614
596
581
573
569
577
593
622
684
810
773
793
804
776
718
704
701
709
688
682
700
698
688
684
669
667
658
665
673
686
687
698
701
679
686
684
688
665
661
677
688
665
649
647
653
674
674
676
711
729
707
675
688
688
671
646
641
647
664
683
676
668
677
693
719
710
714
701
710
680
649
652
658
673
695
737
762
766
740
685
654
650
638
636
615
645
720
780
776
791
737
685
674
663
664
653
644
650
653
666
666
688
692
675
674
674
672
658
645
646
656
672
697
734
757
762
730
702
694
705
704
687
713
728
713
690
670
680
717
722
699
707
694
691
687
655
635
621
617
631
634
647
684
723
745
729
698
692
676
662
635
628
629
617
598
592
612
647
681
669
651
664
655
662
649
652
644
641
636
633
639
677
726
764
736
716
716
714
708
678
674
687
694
684
672
691
698
695
675
663
675
666
652
629
646
681
715
706
712
705
704
699
667
650
629
618
618
629
634
646
671
686
686
673
667
664
649
647
643
651
648
646
656
688
683
656
646
640
634
618
633
653
700
721
711
733
707
694
664
643
645
650
664
656
664
705
731
700
696
684
680
649
631
634
653
648
651
678
727
734
702
677
692
707
693
683
666
681
706
714
704
688
687
687
669
658
673
689
671
649
635
652
657
667
662
648
640
643
647
646
640
654
681
719
694
656
629
607
585
578
593
621
686
706
705
718
728
690
693
681
664
646
628
647
668
696
678
667
667
673
663
656
678
703
733
701
691
675
678
658
629
611
610
622
640
666
695
702
700
682
648
648
642
653
644
631
619
622
636
680
729
724
727
715
707
702
676
659
646
626
617
608
612
633
641
653
699
741
755
741
697
646
623
614
626
641
652
657
684
707
719
689
668
646
638
625
620
636
653
707
737
752
746
721
684
645
635
627
610
605
615
637
675
694
669
654
647
636
623
610
602
586
594
604
606
605
607
605
601
610
616
620
622
604
597
604
636
713
753
778
758
756
707
682
668
658
653
639
635
646
667
684
684
681
679
646
625
607
604
605
603
621
652
670
663
639
617
603
594
590
591
602
624
676
722
702
698
666
657
628
609
602
605
617
631
653
643
622
634
633
650
660
662
693
714
707
683
650
640
637
645
636
641
663
685
694
675
684
675
670
656
630
627
616
616
610
614
627
660
691
708
689
674
671
670
665
653
649
642
655
679
678
669
676
681
684
668
644
618
604
600
590
587
590
574
571
587
583
602
620
641
667
683
663
643
636
629
624
635
624
613
603
604
628
706
848
815
854
816
811
775
732
717
718
752
781
748
729
732
756
766
746
728
740
729
748
714
682
674
709
721
705
699
701
703
707
683
666
665
649
632
617
621
636
657
660
674
670
681
684
669
668
663
660
637
622
625
628
635
636
629
651
689
748
807
761
727
711
712
729
731
774
804
838
767
750
741
724
708
679
658
677
690
697
686
664
672
684
712
714
729
744
750
718
686
667
668
664
661
646
663
707
722
739
728
748
752
737
683
647
647
655
650
650
635
620
617
620
621
652
716
795
827
810
755
703
662
649
633
643
645
658
695
749
778
762
733
714
700
688
687
677
656
651
661
691
711
696
689
689
699
711
712
688
672
669
690
739
725
694
691
691
705
703
688
696
704
688
660
649
636
628
629
619
630
680
764
818
794
743
703
640
615
609
611
616
630
636
639
626
625
606
592
590
592
608
661
772
783
758
729
687
640
618
603
607
619
623
622
612
624
633
643
642
629
606
597
571
573
563
572
666
1485
983
925
935
932
836
732
673
645
638
623
619
616
617
623
628
627
617
605
591
575
571
564
569
576
601
678
877
1164
885
774
745
762
740
697
658
629
618
613
619
633
643
654
658
650
631
630
640
639
654
659
669
685
723
705
711
687
656
622
610
597
600
623
665
695
683
700
674
687
681
651
646
638
633
624
621
625
620
627
652
712
902
885
840
775
717
665
644
630
610
602
591
585
576
581
604
674
1047
920
870
775
708
704
624
606
592
580
567
560
554
551
562
577
622
685
725
767
735
698
671
658
635
622
617
615
627
640
659
703
700
671
654
647
641
629
608
590
581
576
578
588
612
746
1183
916
919
847
792
740
694
657
631
627
618
622
622
648
650
639
639
650
664
668
665
647
638
630
619
623
613
606
601
602
604
595
586
600
610
613
606
612
606
606
607
601
605
615
643
679
708
729
701
704
712
709
694
685
679
651
638
620
611
610
609
603
602
633
653
682
720
702
700
697
677
668
652
633
621
617
618
641
643
639
636
631
629
619
610
601
598
596
607
616
607
609
610
600
603
643
674
704
683
647
634
629
624
629
631
623
617
615
608
624
646
673
715
704
703
699
687
668
651
648
667
684
684
659
659
678
703
765
823
874
783
751
718
684
655
646
644
666
679
675
688
680
682
688
707
689
692
706
714
729
730
708
706
702
709
714
698
688
685
693
701
696
670
677
684
709
688
676
685
704
699
675
673
688
711
714
688
673
671
677
681
667
683
700
725
706
689
691
679
666
654
667
683
703
690
681
710
714
725
699
687
676
673
656
648
635
638
653
683
689
695
690
681
662
646
653
688
717
734
720
716
692
691
667
651
646
644
642
636
641
667
697
696
691
691
709
706
709
686
667
654
651
655
645
650
660
691
724
717
723
735
733
708
681
662
660
678
675
690
730
764
801
771
773
749
739
702
680
683
694
725
729
738
772
756
727
680
655
650
654
663
673
677
710
754
706
702
694
696
683
665
634
622
623
623
637
640
638
640
649
665
677
695
728
720
705
704
711
717
722
706
713
733
746
729
712
717
743
769
771
777
771
764
730
710
689
697
693
675
672
674
679
687
680
695
707
722
697
678
667
667
665
666
664
670
673
695
717
695
686
671
668
679
664
660
650
641
647
638
638
642
661
700
733
741
762
772
780
763
718
680
668
655
661
664
671
680
685
652
645
662
649
660
710
753
777
797
761
728
688
672
655
641
628
612
613
623
646
712
760
792
816
816
790
728
697
671
645
631
611
614
628
646
668
679
697
698
694
698
726
766
775
741
738
747
780
813
779
786
780
766
736
706
693
729
787
861
813
843
843
818
774
771
759
745
729
702
723
707
718
738
782
781
809
762
742
726
720
724
700
716
719
739
765
754
764
754
733
705
664
658
695
827
1113
927
925
851
765
706
682
659
638
618
628
652
680
729
753
723
686
671
650
651
648
648
644
640
663
702
771
789
740
717
691
678
667
653
647
647
627
615
630
611
597
587
588
617
759
1067
962
956
910
863
775
732
716
703
697
701
727
749
794
782
782
801
795
786
741
729
704
695
678
675
702
735
768
804
793
749
727
715
720
734
739
726
718
730
722
692
670
662
654
651
662
690
682
664
658
648
624
627
661
683
692
686
704
703
698
688
669
651
641
635
631
630
625
626
636
676
723
775
786
742
726
716
708
704
674
666
681
702
719
707
710
727
755
780
743
705
688
672
671
665
650
647
652
688
739
778
788
840
854
830
769
732
708
686
660
641
621
621
634
664
696
729
738
726
736
742
742
718
691
687
693
735
739
723
718
726
745
728
727
727
735
731
717
697
693
678
663
642
623
616
636
637
631
634
643
654
683
693
691
667
673
666
650
635
652
631
610
600
584
599
629
714
857
812
860
846
806
770
762
703
666
646
641
627
615
614
598
593
614
623
624
608
638
646
642
625
604
604
611
617
635
635
623
640
649
668
681
706
729
751
796
817
811
770
745
727
742
753
769
772
789
814
828
792
768
727
697
691
697
727
771
747
731
732
725
704
685
680
694
720
771
787
740
720
710
698
714
711
698
707
733
761
769
749
732
737
746
749
711
706
711
728
723
739
756
760
789
760
733
718
708
696
680
685
710
758
790
760
759
758
747
720
695
695
680
677
656
646
647
667
699
753
733
744
746
743
716
681
656
645
647
647
646
651
649
656
691
707
712
734
733
729
697
669
655
664
679
694
694
696
707
730
736
715
703
694
708
701
693
690
699
706
695
675
669
667
685
682
702
774
826
787
767
745
737
744
730
696
670
663
674
688
702
736
762
761
745
729
741
744
734
706
691
677
681
675
665
687
699
748
750
722
702
683
665
642
618
613
621
645
683
728
750
724
709
696
681
678
657
644
648
671
724
763
755
726
725
734
731
693
664
659
669
689
714
716
706
723
726
734
718
698
696
700
688
683
671
673
686
706
695
684
683
685
683
682
660
650
649
649
641
639
658
682
743
850
802
822
778
727
669
641
643
655
666
674
668
683
645
641
636
625
616
608
600
593
587
588
585
579
570
563
555
545
540
541
535
531
533
531
543
571
662
993
945
978
979
932
870
801
698
692
751
747
799
795
823
799
800
793
793
787
752
729
737
728
727
710
658
642
617
606
608
628
665
690
701
714
729
729
707
673
652
646
637
643
636
635
642
681
710
732
726
674
638
613
600
597
607
623
646
656
670
707
759
824
854
853
825
768
765
799
872
933
925
810
808
799
816
798
783
816
849
896
809
788
781
754
754
740
751
795
850
900
854
784
775
771
779
781
765
736
728
738
749
787
764
775
783
776
759
728
718
712
725
716
699
688
684
693
718
753
782
744
742
723
706
696
689
666
669
683
693
734
761
749
749
748
751
754
730
720
724
705
681
656
645
648
655
671
693
692
684
664
662
635
622
607
598
589
596
593
599
606
597
618
636
663
701
715
746
746
743
739
733
729
733
719
720
754
791
771
800
794
795
765
761
741
725
727
691
655
642
648
669
752
774
748
846
867
796
771
736
714
698
682
673
689
708
734
758
723
704
686
680
657
634
623
623
612
615
630
651
691
689
698
672
644
644
631
611
597
577
568
560
557
566
603
707
942
896
993
935
889
772
729
696
675
690
726
763
792
764