758
737
715
691
675
671
719
884
1003
956
892
814
752
750
762
775
787
785
776
759
730
705
695
694
687
713
739
733
708
725
733
740
773
766
729
742
759
774
741
713
724
745
760
722
728
738
715
706
716
754
759
710
711
715
733
753
738
702
699
688
692
656
640
644
642
645
640
654
656
657
644
628
619
624
641
693
828
888
876
882
835
759
709
692
687
733
800
928
921
891
884
862
847
800
746
696
688
706
814
987
931
947
912
839
811
794
802
760
702
679
663
672
691
798
876
883
884
857
806
795
775
741
722
687
688
700
701
685
669
683
703
754
926
925
920
901
853
784
727
717
736
798
930
936
930
931
903
844
779
756
739
747
803
870
856
844
802
748
706
706
729
813
958
994
993
955
876
794
753
762
828
927
1012
998
937
852
821
822
840
862
932
929
937
895
833
770
750
746
757
840
905
866
792
776
788
789
804
771
726
713
703
696
693
671
660
666
674
701
781
869
862
813
804
807
833
801
774
794
807
822
886
820
822
873
937
929
867
836
839
889
874
849
870
905
915
867
803
790
812
850
906
905
864
820
829
812
804
768
771
795
865
940
893
852
846
834
851
803
751
738
739
760
796
844
818
751
700
657
668
651
686
819
892
909
854
834
865
879
894
923
880
844
789
744
724
721
741
783
882
886
846
907
942
950
884
868
878
907
944
956
947
875
836
841
858
900
895
864
855
886
924
911
846
829
813
843
812
793
832
881
845
838
885
936
929
913
920
930
896
935
941
903
914
939
927
972
966
957
881
864
866
850
843
896
879
880
908
887
910
891
893
878
828
794
796
834
891
938
955
880
860
872
889
834
754
708
709
688
698
699
679
681
692
718
725
722
689
676
660
647
643
632
631
649
683
696
692
679
690
743
804
840
781
765
781
816
852
809
803
831
849
805
791
847
885
878
876
815
750
742
771
878
895
809
777
798
863
941
961
977
932
862
865
873
830
797
802
803
819
780
811
831
823
798
825
858
842
843
846
845
813
843
854
813
797
805
812
788
799
800
783
839
844
864
849
799
750
731
731
811
891
949
899
832
838
858
888
887
873
798
758
746
758
803
859
891
845
826
853
898
901
852
794
774
776
792
749
753
766
811
895
857
812
833
840
838
789
763
768
796
811
827
796
777
770
744
753
771
769
749
754
781
778
761
753
731
712
692
689
688
687
675
682
685
689
690
695
704
714
726
721
704
699
707
728
721
703
679
652
680
679
687
666
671
680
692
702
701
685
675
667
671
683
691
711
721
727
709
692
682
680
707
871
983
981
936
922
894
852
796
794
791
787
790
786
774
787
808
855
842
824
837
854
850
831
857
888
864
823
824
835
813
808
817
829
812
823
821
800
783
796
813
789
778
787
805
813
786
780
778
807
812
759
745
746
748
733
710
706
715
739
776
800
818
764
739
739
754
786
827
804
797
788
784
756
737
764
806
915
930
864
815
822
861
898
913
896
846
810
826
827
848
809
785
808
823
831
828
794
780
804
852
882
826
816
832
837
840
795
774
774
779
825
836
834
822
802
795
802
822
809
792
812
840
835
818
826
837
797
811
809
810
789
801
822
828
812
834
872
841
801
792
797
816
833
813
818
864
866
804
771
767
812
826
800
822
857
868
823
843
859
819
784
756
751
768
790
789
807
819
790
754
745
766
816
925
922
922
895
841
786
782
808
846
854
813
776
778
816
885
908
870
826
816
853
847
841
792
750
722
720
784
782
748
762
779
791
805
801
806
763
743
737
737
742
729
713
724
741
770
797
819
804
771
777
802
833
864
857
813
789
790
798
820
841
832
815
829
843
866
845
811
811
837
850
843
858
867
878
850
820
823
842
853
829
847
850
824
827
857
864
847
836
868
892
858
815
817
825
837
813
775
770
780
798
796
781
797
835
859
864
873
819
778
767
776
812
795
779
790
814
858
831
818
848
872
876
868
817
757
725
699
679
691
730
749
733
770
818
854
845
782
771
767
770
777
771
733
740
756
805
837
793
813
840
853
826
807
821
826
822
792
795
798
830
800
783
790
813
851
824
810
819
859
878
833
861
903
915
942
919
862
821
813
835
865
921
863
827
852
892
924
879
844
867
891
894
846
830
828
826
794
800
853
913
958
883
865
886
896
838
842
870
825
812
831
857
870
841
872
955
891
888
888
849
831
845
862
850
840
872
886
842
872
912
879
847
872
904
869
859
875
849
844
860
895
843
822
834
875
932
896
862
873
881
895
868
792
761
765
783
854
882
813
813
888
944
898
890
939
958
911
862
865
882
854
828
854
848
812
819
819
805
829
903
966
908
939
962
902
916
902
863
845
856
867
826
859
880
857
833
868
898
894
876
914
890
886
901
876
869
912
927
866
872
884
880
838
851
883
904
855
829
844
782
738
728
729
707
692
681
677
668
654
648
646
647
667
677
688
699
687
685
692
704
738
807
843
813
819
873
931
951
951
935
913
922
864
816
828
877
918
937
879
837
852
877
902
932
937
884
839
854
881
913
926
891
839
855
865
888
860
834
842
860
873
843
823
842
858
870
849
884
900
849
870
866
827
841
862
827
857
878
878
889
913
880
883
912
913
871
815
820
851
867
837
855
873
837
852
889
851
853
889
922
868
869
899
938
867
897
931
877
893
908
898
871
900
903
865
896
909
882
863
925
927
867
825
811
813
797
841
911
924
877
927
934
897
914
868
874
878
841
855
894
906
869
872
898
906
863
859
872
892
835
848
878
872
864
885
897
852
864
890
860
888
936
894
925
936
885
932
928
880
904
909
872
831
828
865
941
970
897
891
948
947
939
857
844
867
881
835
854
880
928
881
853
892
909
882
922
916
863
842
873
893
845
865
882
863
827
855
865
851
840
868
890
864
910
913
857
874
876
853
822
847
871
854
904
924
884
910
909
872
853
878
885
854
919
950
903
930
923
856
874
882
846
849
870
856
830
855
878
842
842
875
893
837
833
878
866
841
886
895
845
863
874
833
822
840
825
778
746
741
753
853
967
911
874
896
875
821
803
785
762
773
808
865
871
831
851
892
930
946
878
834
854
906
965
978
898
884
908
877
854
875
869
845
880
856
844
862
835
847
907
868
892
923
904
876
889
918
869
830
844
904
896
858
900
948
904
857
899
946
969
916
902
967
969
918
968
948
880
890
909
879
849
875
876
850
857
874
897
868
842
882
933
896
856
884
913
855
816
813
822
824
835
875
853
842
849
834
798
789
813
840
830
883
875
850
852
842
801
809
810
790
791
802
807
778
786
782
782
812
820
800
822
829
792
804
821
792
789
820
809
808
827
829
794
803
819
792
812
828
799
808
836
820
813
844
876
860
818
834
873
844
824
844
830
819
823
811
801
812
835
800
812
846
844
915
907
842
841
785
759
730
733
753
731
760
817
844
789
798
810
770
770
806
855
846
832
824
845
806
770
763
743
760
789
764
757
769
812
829
815
829
812
769
727
725
723
703
689
686
694
692
681
686
690
703
692
710
728
718
744
754
731
741
749
769
758
783
864
901
842
859
913
916
874
872
911
913
923
902
882
876
821
819
834
880
840
820
854
923
958
958
888
913
895
924
853
835
865
903
859
902
915
871
907
921
886
921
956
902
901
908
873
880
901
939
885
902
931
882
894
920
872
893
933
884
900
935
890
889
907
885
902
909
875
900
914
879
893
916
875
883
883
847
835
866
920
879
895
908
875
901
912
868
866
873
850
925
921
873
900
915
879
903
937
880
905
908
863
885
883
873
890
882
853
883
872
836
863
892
841
873
903
856
879
905
864
878
879
890
830
813
788
755
742
737
738
758
770
744
720
722
723
791
865
837
824
857
899
919
911
834
832
841
877
838
804
831
892
960
878
816
767
795
779
763
748
763
791
809
825
771
758
759
738
726
726
737
762
781
789
767
782
813
855
870
854
881
919
873
867
884
885
860
887
912
889
882
891
898
852
870
869
851
880
905
865
888
908
848
874
889
898
869
893
930
877
913
920
888
921
906
900
919
878
886
892
863
896
903
918
854
888
902
870
819
821
856
870
844
859
935
908
828
843
841
836
880
910
846
844
850
859
825
858
919
894
877
903
914
864
853
884
908
895
947
947
991
979
967
892
912
883
896
892
867
845
857
854
838
879
917
885
920
867
860
874
833
827
825
818
822
865
906
846
857
864
838
873
864
843
865
854
816
822
819
809
813
801
773
777
786
776
764
760
755
802
790
809
837
861
800
792
799
780
748
731
731
743
794
801
794
830
846
843
864
876
837
856
861
869
917
874
918
897
938
933
933
950
911
910
900
842
861
910
867
926
932
914
959
908
923
928
878
892
920
873
886
920
887
929
869
839
848
821
862
897
855
918
922
889
914
888
824
774
742
747
849
1072
1081
1051
1015
984
920
914
899
877
842
846
863
899
926
882
925
940
932
917
937
905
888
888
823
824
852
905
883
855
906
904
870
893
907
911
849
885
906
916
858
854
876
874
873
906
870
870
902
914
845
842
854
881
846
852
904
890
937
910
881
925
888
944
938
903
968
941
935
961
895
937
896
882
891
936
871
923
989
964
1022
993
940
956
916
885
927
924
952
1006
952
944
959
883
891
903
863
901
920
864
885
930
858
911
935
869
904
924
865
900
890
855
878
874
838
865
865
857
884
850
842
857
827
833
867
865
896
929
872
907
888
857
879
837
852
870
833
854
867
834
863
863
827
845
854
817
840
856
832
840
824
831
784
779
850
893
953
1029
931
983
1015
910
955
920
876
890
878
855
855
853
859
892
898
836
840
812
759
744
718
704
729
714
703
732
774
852
849
772
743
720
696
696
678
675
724
872
986
858
850
921
906
896
967
907
942
958
866
868
849
821
789
807
860
815
810
844
819
862
915
854
913
887
896
919
873
916
868
858
891
858
858
874
840
854
850
827
871
847
841
899
863
877
919
868
902
904
870
934
896
925
940
879
913
925
881
907
891
876
919
896
923
940
878
925
961
889
905
884
855
862
855
853
919
935
887
902
835
805
826
867
883
952
946
919
971
958
918
930
940
889
942
938
863
870
896
894
848
917
911
882
880
847
857
894
880
827
836
843
795
795
796
777
774
763
772
746
764
770
796
792
771
771
787
813
791
779
802
836
819
766
736
764
741
724
721
734
728
754
799
809
796
822
818
796
825
853
821
856
873
862
873
900
942
921
973
974
919
927
941
895
939
941
889
904
913
897
907
884
876
884
874
894
913
873
916
932
856
876
928
944
871
890
925
859
885
905
845
884
894
863
881
878
809
819
848
815
865
934
895
920
944
876
898
864
843
869
851
843
880
870
855
903
888
870
897
898
857
896
878
879
898
864
899
895
874
897
889
870
895
852
871
867
826
856
910
896
896
940
919
901
939
936
891
943
947
918
945
956
881
890
902
869
852
863
887
848
856
897
884
851
873
868
814
826
877
852
901
952
873
925
923
862
840
865
824
813
783
769
753
768
788
797
796
845
878
813
840
874
849
864
916
893
909
948
906
840
869
922
858
895
905
855
880
894
840
850
901
880
859
915
904
885
963
991
926
1006
931
933
918
899
881
790
757
781
918
1082
941
984
1085
986
954
1053
1060
931
875
894
934
961
982
888
876
947
979
891
868
888
886
817
811
849
882
845
853
881
899
833
845
892
851
860
887
859
845
876
864
854
901
856
850
867
831
838
884
929
856
859
892
888
871
913
864
870
888
842
868
885
847
898
892
886
915
872
902
899
887
922
872
859
894
869
863
906
873
845
888
945
948
867
854
887
933
878
856
896
928
952
965
884
865
893
952
921
913
897
832
790
790
851
900
908
817
812
763
720
721
694
694
697
705
694
686
664
643
626
605
591
578
574
561
545
537
530
530
534
531
530
527
529
533
538
538
539
528
530
532
553
583
632
637
633
621
598
587
577
572
587
599
619
606
596
597
604
617
619
620
620
614
607
599
584
572
552
563
562
585
609
615
618
608
605
592
591
592
597
600
591
595
593
601
602
601
597
586
572
563
549
553
548
546
546
549
550
553
550
549
541
536
538
539
543
537
540
541
548
559
564
567
572
563
554
545
533
524
528
524
526
533
536
538
527
524
521
518
511
512
514
517
518
524
533
533
530
528
524
524
520
523
526
530
531
527
526
526
529
525
526
530
531
534
530
522
522
521
519
516
514
518
518
518
521
516
518
524
525
520
521
525
531
541
550
548
533
525
527
532
526
523
516
509
502
498
496
490
485
485
487
483
480
483
488
490
488
485
486
491
497
503
504
501
504
508
514
527
543
533
529
532
536
545
550
541
536
532
530
522
520
519
515
512
517
516
512
516
521
521
521
522
528
533
529
523
514
520
514
509
509
510
513
514
510
505
505
506
506
501
503
504
498
501
500
505
514
514
517
521
530
545
563
564
551
545
541
533
528
530
538
553
547
547
552
561
562
553
552
554
562
554
558
563
565
555
552
554
548
541
537
529
532
531
530
537
551
563
562
549
551
553
554
541
540
539
534
536
539
550
550
542
550
552
560
560
550
550
555
569
577
567
569
579
588
568
558
554
549
552
551
548
547
557
560
558
555
551
547
543
536
531
533
538
549
561
571
591
617
654
651
609
599
598
596
583
585
599
628
638
621
635
670
699
676
637
637
672
687
645
624
618
617
620
602
596
599
602
587
576
579
601
637
625
608
630
638
614
604
600
589
571
558
547
552
563
563
576
567
561
561
563
561
553
554
558
557
552
557
567
570
563
577
595
604
600
613
624
613
600
600
597
584
586
589
587
579
580
594
591
586
613
671
687
646
636
617
605
611
606
592
590
605
631
625
621
618
612
604
610
613
608
604
610
621
609
597
610
636
631
618
626
647
640
623
618
614
603
598
603
610
611
609
615
623
620
611
623
627
614
597
585
584
588
592
590
588
598
604
601
588
590
597
599
587
587
596
610
604
604
618
642
663
669
664
647
618
601
588
581
588
630
704
816
698
652
622
616
615
612
619
630
640
624
624
657
676
644
647
661
683
654
646
649
645
646
668
668
682
702
665
648
646
632
625
628
631
614
625
636
639
634
638
632
624
623
619
604
611
614
611
602
612
636
639
636
646
654
630
634
631
623
610
623
630
612
619
632
645
629
632
647
646
641
647
652
638
633
638
666
652
661
665
653
648
652
659
654
672
694
667
674
699
670
662
669
656
644
649
655
646
655
664
644
654
663
675
650
659
677
651
647
653
649
676
690
658
625
622
630
635
630
623
648
763
757
731
723
709
664
671
682
683
661
666
679
693
668
669
684
688
657
656
664
671
641
624
607
605
599
609
729
837
843
844
862
838
784
749
709
673
675
678
667
676
729
859
800
818
887
842
805
762
699
661
654
664
711
741
711
720
721
681
644
646
656
722
755
730
776
851
816
817
824
773
763
766
727
699
717
742
733
749
773
727
725
736
771
764
778
788
748
729
716
730
715
698
747
809
796
749
746
739
721
682
673
639
609
590
580
582
586
619
672
796
729
682
683
674
666
641
633
627
628
621
622
619
615
606
610
608
606
599
607
616
639
631
617
626
633
644
632
647
657
690
686
684
695
683
700
726
768
714
699
698
668
682
688
708
750
690
683
670
685
729
744
716
717
725
753
756
716
735
737
729
700
722
758
776
723
731
729
729
713
720
733
698
713
714
718
715
731
721
707
713
697
677
672
681
675
668
681
704
713
717
713
689
686
695
680
689
715
716
692
683
687
702
670
687
712
731
727
770
794
768
779
778
743
739
733
719
700
716
729
704
742
811
813
795
749
711
701
705
735
736
704
694
691
673
688
704
694
661
649
630
608
600
598
590
588
597
600
595
601
600
599
583
562
553
549
552
554
558
564
577
586
588
587
584
586
598
617
613
604
599
593
585
572
576
587
601
607
586
571
568
565
568
569
573
566
561
564
567
573
567
561
560
559
556
544
539
538
541
546
559
566
563
563
565
572
581
582
576
576
575
580
574
563
551
551
548
546
546
548
548
552
554
561
567
569
563
552
552
549
556
557
557
564
571
586
604
599
597
604
609
616
600
584
582
577
577
576
567
564
566
572
584
597
592
590
599
612
624
618
615
625
630
632
619
615
619
630
645
632
637
634
629
611
592
588
590
608
657
783
759
726
697
656
645
632
660
654
666
735
740
676
660
651
664
664
634
636
637
640
639
656
692
675
675
677
654
626
618
612
602
587
586
596
626
642
636
638
632
610
594
594
595
600
604
594
600
607
604
596
590
590
592
585
597
605
612
604
596
601
620
632
617
603
606
613
625
624
620
617
605
590
571
565
567
577
592
596
597
609
636
649
633
630
643
650
640
646
646
639
632
641
638
613
605
598
603
609
603
593
597
604
613
628
621
630
648
634
616
584
567
574
569
574
583
592
608
614
605
601
605
609
614
609
593
588
584
581
569
569
569
573
580
591
598
597
600
602
617
606
592
593
593
599
616
612
609
618
621
622
623
618
615
620
616
631
668
699
662
650
657
700
725
723
686
647
646
646
643
626
640
657
672
659
655
662
660
647
656
661
648
621
618
614
620
615
608
615
628
638
646
620
618
623
634
619
627
633
633
620
622
636
652
626
617
612
616
608
596
603
606
611
609
614
621
628
616
612
615
609
593
593
593
602
602
615
615
629
618
620
626
631
631
633
644
631
621
619
630
616
599
594
589
590
592
599
626
659
761
698
656
629
629
615
621
630
625
626
638
629
602
595
582
576
569
567
565
562
559
563
567
572
568
562
563
567
574
589
602
608
597
597
603
612
634
636
629
630
636
641
655
649
643
648
660
648
642
643
641
621
616
616
623
638
636
644
665
707
760
695
652
634
637
645
635
627
635
654
693
703
668
651
656
649
634
622
624
634
655
642
625
630
640
657
679
654
645
646
655
684
673
659
662
677
685
661
664
669
684
692
670
638
617
618
614
622
619
631
645
670
666
654
678
715
726
681
671
683
715
746
697
685
689
735
723
708
713
729
734
711
719
730
768
759
729
743
764
778
733
743
731
696
690
700
712
692
716
733
716
700
701
706
714
696
705
731
751
721
679
678
675
699
744
804
812
778
733
732
720
689
657
644
630
621
623
632
654
698
732
729
738
763
766
758
724
724
719
728
726
713
734
770
775
776
812
812
776
786
779
767
748
751
718
692
709
709
708
702
682
687
694
710
701
671
668
665
681
683
667
650
646
646
643
638
648
688
733
718
702
688
679
653
646
656
660
659
655
655
663
664
644
638
643
647
635
618
623
626
645
666
660
653
672
680
679
666
673
678
680
657
655
653
656
645
648
671
680
673
666
679
709
715
681
688
707
722
715
708
723
705
679
685
713
730
715
726
730
706
686
680
670
646
638
638
651
682
732
743
713
729
738
718
704
688
659
628
625
619
624
641
647
637
642
648
662
648
638
640
652
670
665
656
668
701
771
760
722
686
668
659
647
649
653
652
642
630
623
617
614
614
620
640
662
648
653
629
613
614
614
625
655
679
731
784
721
704
692
700
687
704
721
738
714
719
777
792
767
742
725
698
674
653
656
646
646
660
681
682
673
685
713
748
788
782
797
841
823
768
758
737
710
712
717
697
705
716
729
726
714
741
770
771
763
786
807
806
772
739
738
770
814
804
769
765
720
728
725
734
753
771
775
751
728
713
703
699
694
710
736
744
769
739
741
718
697
685
684
693
703
710
735
769
782
787
753
737
732
728
732
738
745
770
768
754
783
790
795
835
830
797
788
788
801
812
813
780
766
752
729
726
724
727
739
756
765
773
806
858
878
854
880
855
820
804
789
764
752
759
768
782
805
829
860
847
824
841
852
854
819
787
781
756
762
780
831
859
880
830
786
754
740
738
783
885
940
945
937
908
904
901
889
858
828
838
854
844
849
867
856
830
831
829
816
819
859
881
847
854
827
830
809
791
803
791
763
768
746
728
732
733
755
773
805
826
818
784
798
819
828
817
836
843
819
813
826
839
817
846
878
886
870
888
886
863
886
895
869
883
903
903
923
895
887
892
878
855
863
866
834
837
822
839
864
871
867
891
848
871
887
844
860
857
837
868
874
844
859
847
800
779
783
793
800
802
859
882
840
862
878
868
864
878
866
865
903
910
859
870
864
829
832
831
802
802
813
804
805
816
846
813
820
767
734
728
709
738
762
752
737
757
820
822
813
796
760
724
704
697
699
716
723
745
755
752
774
786
816
931
936
941
938
855
817
802
804
777
801
862
907
852
869
870
848
826
835
834
855
879
825
824
854
861
879
870
836
862
896
881
862
878
854
815
808
810
847
829
845
797
784
750
745
736
748
764
742
734
749
786
776
787
814
819
833
851
838
854
850
846
843
842
810
800
820
853
888
867
863
877
873
829
819
815
774
774
771
754
773
799
797
832
816
822
839
871
824
817
821
840
802
804
837
862
853
880
870
883
903
857
843
820
797
772
776
805
836
842
947
1004
925
995
947
883
873
872
864
878
900
925
901
937
894
879
884
887
850
861
901
859
875
895
878
870
886
885
839
845
866
870
830
844
842
790
793
803
818
873
905
864
907
879
843
851
858
865
848
845
884
905
901
843
808
793
808
809
784
805
790
779
758
760
776
807
824
804
809
828
842
836
824
834
859
840
836
848
842
810
820
835
824
840
851
871
847
854
858
830
825
835
809
830
840
841
876
914
885
929
913
862
897
894
856
848
865
833
835
861
860
842
882
918
902
831
774
783
772
761
747
760
789
833
850
881
840
868
864
885
870
855
867
881
883
863
894
913
895
890
896
909
894
914
932
893
919
934
875
876
891
870
873
885
888
851
887
899
869
893
915
880
898
880
858
875
887
854
868
910
876
919
932
886
903
896
874
894
875
881
894
878
896
897
865
889
866
854
870
862
853
872
829
837
850
813
827
835
806
802
787
761
747
735
752
789
793
817
848
840
830
830
839
796
805
827
848
818
846
887
854
875
876
835
845
850
831
854
892
890
896
931
908
910
930
902
886
883
846
852
869
841
851
864
885
837
860
887
849
876
892
848
862
869
862
854
861
848
839
861
856
839
869
863
870
912
875
874
881
846
852
865
813
820
820
808
841
870
835
878
874
839
862
865
823
850
861
841
874
876
846
868
883
849
867
872
823
823
833
804
811
860
839
834
867
843
826
861
847
880
904
859
891
927
873
892
894
862
888
875
856
862
870
850
854
858
827
855
882
842
866
885
863
886
888
842
866
875
846
861
886
881
898
888
838
854
877
843
814
787
761
749
751
794
894
890
822
857
901
896
852
881
868
847
896
910
849
878
920
881
926
954
909
948
924
895
916
895
914
944
930
908
935
885
890
914
935
876
868
877
904
917
854
799
814
849
854
905
936
947
907
919
926
891
909
914
839
830
847
918
889
928
952
968
923
829
777
760
763
830
935
947
888
873
876
879
914
902
923
855
815
826
878
862
839
863
889
874
909
926
879
896
886
838
882
895
861
898
910
874
909
921
874
879
890
853
860
883
863
862
887
881
873
902
903
860
887
885
841
855
843
839
861
840
865
902
877
913
897
896
909
901
885
889
917
885
892
906
915
902
939
923
870
854
827
782
742
747
763
754
755
787
832
880
821
831
851
834
854
873
846
848
861
868
832
835
832
802
820
845
820
845
868
856
849
879
875
863
888
880
859
876
877
845
871
893
843
864
894
861
883
916
899
881
907
879
860
891
889
870
912
900
874
915
918
871
891
891
861
931
976
907
922
938
882
908
905
864
890
887
887
905
872
876
877
829
838
854
865
827
850
914
910
900
938
906
886
886
843
848
871
840
864
906
883
871
913
891
874
905
896
873
815
861
997
985
953
1001
999
934
967
954
893
886
926
878
926
958
926
919
951
896
902
936
894
897
899
895
880
912
931
877
908
933
871
899
925
862
895
880
824
835
800
767
749
757
784
759
806
875
857
846
887
909
912
972
935
881
912
934
887
927
932
882
914
896
891
966
960
952
1024
987
959
976
926
931
957
894
919
942
882
951
936
908
978
957
934
957
940
922
976
947
939
982
915
962
965
929
948
898
940
1016
931
981
979
938
982
934
913
929
867
813
770
769
787
900
956
995
1044
989
960
977
972
931
944
904
926
938
893
941
950
908
955
945
946
1013
1015
963
976
908
959
893
831
796
823
801
819
836
823
817
813