828
826
821
799
729
690
730
771
754
696
744
923
797
687
663
688
704
747
689
676
705
751
766
677
667
684
734
940
820
805
827
806
798
824
824
814
791
791
705
671
712
683
751
807
866
795
785
825
863
791
832
852
820
723
748
796
842
770
730
774
768
752
705
677
680
702
733
733
694
668
675
729
813
845
780
711
706
723
748
775
726
692
702
752
715
702
670
639
634
635
663
701
739
672
691
729
778
806
786
727
738
754
795
739
703
718
804
889
872
828
734
668
651
673
768
860
809
834
836
847
810
801
797
737
727
710
699
794
958
926
853
841
884
878
822
821
835
842
846
812
796
813
832
851
859
815
823
837
839
806
815
849
857
837
827
836
834
796
782
783
800
840
839
812
839
833
801
799
823
840
830
801
806
818
828
824
788
772
759
751
768
793
754
734
780
885
856
819
732
706
733
763
812
776
734
764
832
809
810
735
702
727
801
840
804
739
720
785
849
807
769
737
752
768
701
663
652
660
736
863
829
757
761
782
778
794
774
782
808
828
834
807
802
818
816
799
755
765
764
777
850
853
830
831
853
857
857
810
806
815
760
772
828
756
746
795
755
733
843
902
893
821
775
829
804
786
720
714
807
904
777
714
716
737
797
761
728
826
902
897
818
768
703
674
677
716
706
811
869
891
873
822
836
846
793
822
866
862
836
852
860
850
805
797
801
772
731
747
731
750
737
731
803
811
791
759
785
781
754
714
718
757
813
823
773
767
791
817
815
771
809
805
794
795
735
699
801
804
827
781
712
681
684
653
653
728
952
855
791
787
803
808
801
770
772
782
772
792
751
743
749
735
757
738
758
829
878
830
850
870
872
837
818
836
843
841
821
846
845
818
817
854
845
794
795
729
686
655
648
655
731
887
873
821
843
879
877
821
768
766
754
748
697
669
662
650
647
681
756
771
746
786
753
719
710
742
774
806
729
762
824
794
745
837
832
810
748
822
816
750
761
784
729
693
728
825
815
728
741
767
729
689
744
786
818
731
799
894
892
823
772
835
841
825
766
794
956
930
866
816
847
878
883
818
813
828
828
802
847
937
930
872
907
951
883
853
875
869
838
847
890
882
854
767
712
717
725
727
698
704
798
858
782
733
804
827
820
755
746
813
863
807
764
795
876
849
808
753
752
848
896
920
834
761
812
917
913
884
803
845
928
922
887
813
816
892
906
856
805
805
857
819
784
859
867
845
848
796
748
706
675
689
694
705
883
857
840
794
803
844
833
776
724
751
849
869
828
763
830
860
848
796
768
771
807
842
797
764
787
731
697
662
646
643
631
619
627
665
649
625
628
649
715
751
728
751
775
780
786
770
791
809
827
857
837
856
893
905
891
846
808
809
827
809
765
830
906
927
882
765
766
817
841
821
737
734
770
809
850
843
897
904
789
786
804
821
801
756
814
857
841
777
880
918
863
809
848
880
877
812
846
840
784
778
902
935
874
814
788
797
777
842
878
822
792
863
822
734
732
771
783
729
716
784
816
782
730
739
790
830
774
778
845
867
776
770
851
891
857
774
854
771
723
713
688
711
786
761
844
863
790
787
812
814
784
779
791
813
832
814
833
850
865
833
848
844
805
802
822
830
807
782
857
860
806
771
807
826
770
752
807
860
838
796
829
820
780
762
789
812
811
779
831
863
837
790
822
829
803
773
817
841
838
805
808
827
832
823
868
869
847
882
885
840
857
847
822
753
764
776
761
794
854
901
822
845
848
832
783
752
795
810
801
819
863
858
826
842
848
833
817
841
866
830
847
873
841
822
844
857
868
838
866
881
864
854
879
887
879
882
902
876
854
889
899
903
869
889
890
849
783
823
872
888
808
793
845
854
814
763
768
733
716
708
771
765
735
693
669
660
711
720
684
658
641
632
636
661
810
802
782
783
804
822
816
811
785
767
769
795
840
757
729
774
822
826
763
744
807
849
805
752
853
874
802
772
839
834
745
745
797
810
795
751
793
790
751
715
750
771
777
718
748
725
688
653
645
655
703
742
713
785
815
781
745
746
774
753
721
762
822
820
771
742
808
821
782
760
809
841
787
735
781
816
768
729
780
816
780
766
856
890
837
807
851
807
743
766
864
820
747
759
808
809
740
794
815
781
775
837
824
765
737
772
829
791
831
937
885
806
813
791
744
710
773
855
778
734
808
843
802
735
773
781
709
704
741
703
698
777
832
818
726
748
761
762
723
761
820
771
756
855
871
817
770
783
781
740
798
854
851
896
922
889
836
845
845
847
831
851
846
822
839
856
857
828
826
846
840
824
805
813
827
837
780
786
820
794
755
770
825
834
815
783
810
783
717
688
698
730
711
688
682
705
671
642
636
636
659
672
664
646
638
656
680
694
669
655
678
698
700
700
673
688
701
734
708
688
725
745
723
759
789
771
722
729
708
670
644
636
637
655
739
831
769
714
751
781
787
707
681
707
750
771
739
755
791
779
732
702
738
771
754
675
645
633
669
666
699
727
716
753
809
747
815
824
781
723
758
758
705
675
693
665
669
711
894
880
830
790
773
812
813
777
754
785
799
803
822
854
862
810
848
849
795
772
807
835
854
818
843
853
836
753
787
779
750
769
789
774
727
773
803
762
754
786
802
726
674
667
722
830
822
809
874
868
809
840
849
792
708
736
798
803
746
806
858
823
727
737
772
782
724
824
879
844
770
805
835
814
731
789
799
699
677
710
798
825
744
726
857
910
842
763
818
816
732
725
806
876
768
718
744
695
726
740
724
787
888
845
855
892
862
880
896
870
840
878
896
910
876
888
902
847
827
865
875
882
854
760
795
775
726
697
744
831
756
800
845
775
729
766
786
780
735
754
770
740
691
693
731
767
765
711
691
712
711
706
688
699
738
760
723
665
646
661
683
670
648
676
739
870
767
791
807
811
788
796
776
688
656
660
655
658
666
763
811
750
813
925
921
781
751
813
854
839
825
751
766
854
843
770
712
788
869
924
810
780
832
837
764
721
766
799
799
730
793
817
747
691
736
766
779
707
707
758
807
764
785
891
862
840
843
764
731
858
849
843
781
899
921
833
865
898
819
729
760
815
865
772
731
780
895
907
812
737
760
787
819
790
729
777
809
831
765
725
760
762
768
730
683
701
708
742
758
724
742
724
681
652
653
702
752
752
702
672
679
711
729
728
684
701
717
737
743
704
675
691
724
740
752
733
774
781
771
786
812
765
774
769
702
718
807
895
863
789
803
808
785
729
781
832
784
795
854
880
800
721
759
815
804
731
782
797
749
729
743
693
729
793
823
789
719
762
791
772
715
719
775
803
807
719
745
806
852
768
770
764
756
732
723
818
933
892
825
861
869
884
861
829
846
842
797
800
811
837
779
802
834
846
828
778
769
754
710
677
651
643
624
654
932
808
805
794
735
698
714
718
720
708
664
680
673
699
720
733
689
716
776
861
795
860
893
913
893
902
885
821
815
803
764
731
842
918
917
802
818
857
831
776
790
803
830
772
794
784
771
707
759
835
864
807
839
855
815
818
850
816
769
768
736
724
687
677
719
784
824
735
708
705
684
651
637
643
647
650
636
649
674
689
666
640
652
646
629
611
602
605
615
640
667
717
793
771
790
766
792
799
767
778
792
801
797
790
765
731
681
682
714
797
746
690
693
678
741
745
676
676
710
732
757
691
665
683
731
793
754
707
742
753
765
707
742
841
793
698
669
689
727
751
711
674
661
646
629
658
669
708
738
719
781
815
780
752
803
819
825
777
789
792
782
740
767
763
705
691
711
735
696
650
651
635
626
669
745
678
696
721
783
759
754
795
767
715
688
711
744
737
689
724
738
717
735
828
873
761
711
731
721
724
678
742
783
767
730
791
797
797
705
714
736
826
811
790
811
800
747
711
755
773
736
691
693
679
693
683
815
907
829
845
840
777
704
717
705
687
656
677
688
670
648
685
754
822
745
765
781
785
698
710
722
754
703
739
814
802
716
762
789
784
710
716
714
729
680
666
681
683
729
681
815
938
930
826
843
844
797
690
696
733
824
760
814
916
921
797
773
790
764
712
689
716
752
750
686
714
723
760
722
695
734
762
750
698
736
746
730
676
722
798
832
813
838
829
820
847
856
794
832
867
827
825
824
819
728
755
805
815
713
746
785
769
694
684
703
729
697
687
742
780
748
704
757
783
749
685
729
782
820
738
786
777
748
719
788
773
699
671
704
782
804
734
749
778
795
737
730
743
750
706
688
688
664
647
669
649
720
825
790
718
732
722
713
673
684
691
712
693
671
718
729
741
692
728
716
692
651
674
735
795
729
686
706
730
793
713
684
739
783
784
708
717
736
726
688
686
694
693
693
771
897
873
806
832
840
744
729
762
817
803
758
762
795
750
703
764
769
759
718
770
810
737
712
758
746
684
646
632
649
709
855
862
827
833
841
842
777
734
741
741
710
747
792
810
811
832
803
753
785
778
760
706
733
785
764
690
713
755
797
752
729
747
740
679
673
687
714
739
674
695
706
679
652
631
616
609
604
609
606
604
610
644
718
714
682
702
707
688
697
705
727
755
761
778
778
769
750
711
712
672
644
653
683
741
710
717
739
725
672
681
698
732
729
688
701
734
744
713
692
686
658
632
629
644
636
644
710
843
886
794
791
782
733
698
735
770
765
685
712
767
814
767
859
915
857
806
804
717
673
679
717
804
786
743
854
912
818
741
786
772
727
688
736
771
773
714
725
749
762
697
699
717
676
650
632
616
605
619
746
762
771
765
751
771
778
783
791
792
792
795
788
728
741
788
854
834
749
759
765
799
781
744
738
746
768
768
802
819
812
745
742
756
775
678
675
667
658
656
632
632
623
611
605
604
595
583
581
583
635
699
707
765
825
864
872
840
882
896
833
673
646
653
668
755
777
692
677
739
775
782
717
674
675
681
703
698
670
658
680
709
670
641
627
620
622
639
668
654
648
675
722
735
733
717
720
687
662
666
664
667
654
684
705
706
683
649
658
672
704
752
704
744
737
712
748
748
702
682
724
744
717
710
746
799
713
685
671
648
635
626
610
623
660
816
806
749
752
743
700
663
682
679
703
651
666
716
794
735
765
808
827
749
767
789
783
725
705
727
766
757
725
779
816
784
750
772
794
756
742
788
839
793
810
854
830
738
794
858
861
790
844
872
792
778
771
751
681
723
768
785
766
1030
964
900
920
882
852
865
856
771
691
692
689
724
722
713
763
813
789
781
807
774
685
646
642
679
814
886
854
825
837
851
848
855
854
844
845
843
790
747
780
792
813
818
844
849
831
861
852
784
815
812
799
716
804
830
739
759
822
751
705
700
669
660
662
690
660
644
640
645
680
715
685
676
722
734
752
732
727
766
772
779
765
757
767
763
729
744
780
814
856
868
867
822
768
709
688
654
686
726
808
746
768
866
808
768
812
818
747
752
729
720
675
680
682
704
669
677
720
778
785
730
753
767
745
731
747
730
672
724
743
812
772
704
759
776
762
693
698
724
805
788
709
764
805
852
756
742
772
783
738
762
723
673
634
608
585
586
664
746
792
723
798
792
805
778
761
756
738
762
707
731
730
748
772
740
701
721
705
730
792
770
707
676
693
710
754
742
701
757
763
756
695
706
727
726
688
661
673
687
713
699
658
698
696
694
646
635
616
604
605
612
614
594
588
588
590
625
644
607
606
618
620
640
667
668
688
713
699
673
664
624
612
605
594
592
577
686
771
805
831
789
861
871
863
682
649
619
627
623
646
708
829
857
747
734
739
710
666
673
687
682
659
704
710
694
663
697
716
734
700
688
689
691
654
631
646
666
757
735
692
721
752
743
682
706
732
765
808
766
786
814
815
790
776
747
729
778
818
783
741
792
799
731
696
719
742
708
680
740
784
806
722
741
754
769
724
723
724
755
734
778
816
782
783
814
813
756
763
788
758
726
781
784
741
748
779
765
707
742
799
838
799
726
733
758
784
734
746
767
715
665
674
679
678
648
633
664
696
701
660
689
714
709
692
729
747
732
686
679
709
736
746
713
794
870
879
842
751
739
799
914
857
838
871
886
857
870
873
850
726
682
647
619
601
651
731
871
797
835
900
858
764
779
766
775
686
691
675
664
673
634
621
618
664
779
806
757
673
650
651
659
668
637
636
659
685
663
634
653
673
685
650
621
623
606
600
605
615
611
592
574
581
600
660
771
722
719
771
794
807
788
806
800
687
634
637
642
684
696
644
618
603
593
619
759
796
753
767
775
771
686
630
604
583
568
604
697
683
754
740
770
786
795
771
697
687
715
739
684
634
660
654
653
612
593
588
594
617
681
641
646
688
700
674
643
644
645
644
616
609
614
628
679
681
683
747
769
757
735
750
718
681
654
675
700
678
643
644
723
812
764
698
740
708
669
640
624
610
592
578
572
561
552
558
574
594
615
595
576
570
568
570
568
560
576
600
622
658
643
616
610
603
604
589
582
601
640
695
672
729
703
683
652
630
644
713
760
688
641
643
636
637
638
608
592
588
582
572
562
563
616
789
763
706
789
898
810
716
697
707
732
658
622
622
634
692
726
658
675
673
690
658
678
698
683
643
609
592
575
558
560
580
604
648
610
593
601
670
765
827
802
681
683
669
679
681
683
662
685
749
783
698
698
724
779
774
702
686
697
710
732
672
647
660
705
805
800
732
683
694
679
675
660
646
710
846
807
709
725
870
867
728
660
658
669
664
652
665
785
714
699
790
738
675
706
726
671
656
761
726
682
745
684
651
667
714
672
696
777
700
655
671
660
632
603
583
576
578
588
612
630
601
572
571
593
579
598
601
600
642
649
647
759
717
756
790
708
740
684
652
678
670
658
785
770
733
804
754
744
750
674
670
702
688
686
763
763
732
754
702
674
701
749
701
695
719
699
710
728
708
678
674
643
632
661
709
762
749
725
722
693
691
673
691
712
738
734
674
701
723
758
683
646
641
622
614
606
598
593
583
568
564
563
565
577
604
636
653
636
601
586
573
561
549
545
539
530
546
576
604
643
758
728
737
750
717
652
647
635
602
600
626
702
674
715
797
768
737
672
678
667
663
656
674
666
646
614
608
624
670
729
739
677
681
666
656
624
637
651
671
669
674
699
725
688
646
657
649
641
619
593
612
650
734
729
747
800
794
742
699
715
684
653
656
651
633
616
629
652
698
660
642
649
664
707
661
610
603
604
636
686
660
652
799
772
720
673
700
685
670
647
651
646
644
636
660
697
728
772
749
729
782
785
798
761
710
697
720
743
731
751
813
824
726
680
687
730
814
811
808
867
871
827
721
721
749
814
777
796
761
700
653
633
638
647
678
647
639
637
613
595
577
573
582
643
704
673
655
679
664
640
645
659
632
619
627
621
603
589
584
619
633
667
721
826
767
761
786
801
815
825
813
766
674
700
760
823
872
891
865
845
816
770
734
701
650
623
631
659
751
755
794
815
821
745
684
706
700
743
764
690
675
641
635
634
675
806
900
904
808
775
795
749
765
698
674
661
647
626
603
625
681
884
863
750
761
776
794
766
677
678
682
687
675
630
615
629
655
688
675
714
779
837
776
682
683
680
662
667
652
616
627
614
673
703
671
620
601
607
621
724
834
716
771
813
835
817
830
861
864
834
813
771
751
704
662
664
641
607
609
677
784
772
750
830
824
825
797
745
692
688
654
626
638
661
755
735
712
731
692
658
632
627
625
675
652
653
647
646
665
679
642
613
622
638
688
691
665
615
604
604
619
690
712
723
655
642
662
716
782
733
651
656
659
703
689
697
728
714
692
785
873
957
836
822
774
695
644
610
591
572
560
575
889
744
789
753
758
799
816
832
834
822
798
796
724
716
691
705
811
911
906
864
843
850
831
735
666
654
673
739
818
828
765
710
686
673
663
629
627
647
729
774
759
703
656
682
753
832
821
686
661
658
646
642
625
618
629
670
732
699
666
617
619
613
615
620
607
600
639
717
796
760
740
760
768
765
709
654
706
771
819
768
729
788
791
805
771
756
764
724
697
750
830
862
809
798
769
763
742
681
663
693
804
772
685
706
738
832
805
703
672
656
638
629
637
650
726
826
850
738
701
649
657
667
663
664
666
648
654
670
662
637
641
697
724
755
716
693
729
739
746
758
761
750
701
709
809
864
815
766
744
758
821
745
786
842
807
735
663
658
684
749
825
758
768
760
738
674
705
745
789
798
721
809
800
771
677
694
716
779
681
701
728
724
688
646
661
681
742
719
713
791
863
792
706
722
713
700
662
632
629
659
794
829
785
715
685
668
686
723
726
690
646
649
677
755
738
674
695
657
632
607
575
565
575
618
751
690
743
753
755
733
637
608
587
600
640
675
715
749
740
725
692
647
653
662
724
737
704
723
706
694
646
655
701
805
821
819
787
729
720
742
775
769
722
659
671
656
686
715
708
716
697
670
652
622
619
630
682
682
671
691
649
614
602
597
596
628
702
738
711
718
721
744
746
729
654
598
588
592
633
779
741
766
732
741
719
694
661
653
657
675
686
654
623
623
633
667
709
698
635
626
653
714
771
688
666
661
669
688
693
647
676
695
757
812
768
680
694
708
668
643
618
619
631
661
688
639
665
674
669
659
668
696
701
688
650
612
607
603
619
662
690
627
639
673
667
670
650
648
622
596
593
601
686
784
801
748
770
821
744
676
641
639
641
644
665
694
712
720
733
696
670
664
630
599
613
634
653
712
720
731
748
719
671
639
617
600
602
646
757
760
775
781
742
688
646
618
605
607
682
895
826
788
783
791
788
777
698
664
696
748
779
797
739
716
703
668
631
615
603
628
720
849
842
787
705
725
716
707
710
651
646
638
639
629
606
586
595
649
721
795
824
784
799
808
810
808
739
644
618
602
609
617
664
737
797
777
713
730
691
640
609
604
613
633
667
705
685
673
659
623
614
618
643
705
714
656
672
689
782
720
721
760
784
807
813
789
824
833
791
785
771
683
651
684
813
841
797
831
852
854
812
835
827
800
713
678
687
764
855
819
800
831
820
788
806
809
810
781
807
817
822
788
796
793
769
764
826
830
839
817
813
835
816
761
685
713
837
838
831
790
825
874
874
802
712
679
665
638
665
742
716
690
717
762
778
754
745
765
762
730
693
703
729
734
753
799
826
797
825
852
849
822
842
842
772
725
767
854
776
774
822
832
767
706
734
733
699
679
729
820
877
810
773
790
803
798
779
802
809
782
791
813
818
809
735
671
674
707
735
796
750
734
718
680
640
621
608
612
697
686
673
689
644
659
670
660
690
738
726
673
688
719
749
713
706
756
793
781
756
798
826
805
712
726
779
812
763
851
884
813
783
735
771
760
685
714
822
844
800
769
740
702
658
628
609
588
583
595
586
591
662
679
721
785
756
743
734
758
765
768
771
739
743
727
760
804
793
801
777
812
832
851
852
838
829
829
821
815
762
775
755
733
694
667
673
656
653
708
717
712
663
649
652
690
737
717
715
741
758
766
775
746
754
761
761
756
729
749
752
766
744
771
783
778
768
786
791
800
777
809
801
759
726
743
798
766
717
719
707
679
666
697
769
810
763
724
763
768
745
711
744
791
862
814
780
689
672
667
721
745
889
938
865
828
845
795
686
637
620
632
720
751
722
854
896
838
805
837
833
817
757
733
741
825
816
829
839
797
784
776
786
694
694
754
821
771
840
858
806
811
828
820
786
808
829
809
831
843
836
801
812
806
756
747
787
854
825
826
834
820
771
785
776
745
678
723
809
808
725
735
784
807
743
744
735
678
641
635
691
922
844
870
893
895
857
879
887
855
813
829
830
812
816
845
860
831
812
839
839
805
752
729
692
655
667
678
729
784
818
773
769
767
708
665
656
685
732
700
679
710
766
807
750
708
754
769
731
683
703
716
729
697
659
681
687
688
659
725
808
861
783
873
854
768
783
813
813
798
830
849
845
825
859
869
839
857
881
903
918
837
870
867
850
789
838
865
886
838
883
903
865
814
849
849
846
761
772
782
754
705
732
744
761
703
679
698
752
821
789
722
760
759
751
724
716
744
755
771
756
737
774
789
791
763
779
795
792
768
739
774
793
814
777
802
825
829
792
761
779
787
791
764
801
841
852
837
804
843
854
843
789
816
832
806
843
854
841
828
832
827
814
814
821
806
816
836
856
871
873
872
876
885
886
821
800
768
699
672
704
980
871
865
825
724
691
665
664
715
679
688
775
799
771
744
760
763
735
711
793
814
848
820
809
852
869
862
861
868
824
828
844
855
838
834
848
850
827
811
825
826
795
837
862
882
859
872
884
879
846
865
814
773
775
805
827
823
798
812
822
813
776
803
808
792
767
795
802
791
723
657
659
694
793
736
793
827
858
805
843
840
768
677
697
824
858
823
895
927
903
877
921
918
819
676
641
651
690
671
772
989
856
807
868
894
873
831
864
886
880
876
829
840
840
839
836
828
814
822
821
827
817
814
835
840
828
800
835
832
817
778
815
813
794
735
752
805
815
833
797
833
832
798
759
784
796
797
770
807
823
814
775
813
821
815
771
798
794
756
748
795
813
810
801
840
859
849
807
832
836
808
728
709
789
861
805
763
801
823
831
789
824
829
815
768
805
817
831
799
833
845
858
835
787
833
844
848
822
770
693
673
677
646
649
651
743
960
882
835
847
870
874
833
847
842
828
765
733
770
829
806
826
831
808
783
826
843
839
813
838
834
750
717
754
826
837
739
750
813
884
788
743
771
763
731
707
717
704
682
663
657
657
682
666
646
645
647
682
716
734
697
737
757
767
748
740
762
764
774
759
811
843
856
828
862
885
860
868
884
885
849
886
891
815
854
859
863
818
867
875
813
861
889
886
880
901
864
872
875
858
781
739
788
847
870
795
811
726
698
674
669
671
659
762
853
861
785
810
814
750
726
725
845
779
865
911
886
864
918
938
862
904
904
839
856
871
871
829
873
877
813
728
651
652
904
818
864
890
907
918
884
889
867
716
735
800
879
817
878
899
840
815
804
876
906
881
796
716
684
705
822
729
798
850
793
813
819
791
810
821
775
768
792
804
803
815
836
808
806
840
850
802
837
860
844
778
805
766
746
743
816
848
786
787
805
805
798
706
646
635
642
816
787
778
892
938
880
851
910
931
878
807
705
640
625
652
670
703
753
875
830
769
779
794
796
761
729
750
746
734
683
636
636
649
686
709
666
715
745
755
747
797
813
797
771
803
810
777
778
821
854
841
803
857
850
812
709
664
689
783
751
715
802
889
798
839
849
819
770
808
841
852
812
777
809
746
700
706
703
667
687
745
820
798
749
782
801
785
756
803
809
789
758
798
810
791
782
799
797
747
711
808
811
778
833
855
829
800
847
851
828
783
807
819
812
791
794
780
729
820
886
823
741
762
870
905
754
732
801
886
740
686
671
664
701
965
796
785
716
821
754
736
750
803
802
798
824
860
878
874
837
849
853
854
819
860
870
854
786
792
789
815
788
730
775
814
750
717
704
691
703
686
639
624
644
675
728
756
748
688
699
729
747
800
814
732
780
840
867
827
829
836
837
832
788
768
811
831
795
772
815
819
775
719
714
690
681
679