1127
1141
1098
1146
1002
954
1160
996
922
1048
1001
818
809
804
1144
1055
1071
1093
1069
1035
983
854
949
1124
1079
1136
1146
1180
1176
1177
1099
1031
1188
1225
1145
1037
1206
1224
1226
1128
1098
1203
1219
1219
1134
1059
1204
1208
974
974
1251
1232
1125
1106
1202
1180
1063
1085
1200
1177
1138
1164
1185
1163
1046
1031
1200
1065
955
1212
1223
1114
1128
1186
1182
1079
1119
1201
1127
991
1149
1218
1147
1130
1089
917
872
883
1216
1167
1147
1106
1046
1110
1147
1019
1036
1152
1161
1057
1061
1182
1173
1116
1142
1196
1151
1044
1181
1206
1119
1179
1220
1063
1019
1224
1172
1080
1174
1221
1105
1152
1148
1012
1153
1194
1111
1102
1181
1151
1006
1055
1029
917
1039
1052
1089
1154
1147
1106
1097
1189
1188
1112
1192
1226
1105
1203
1228
979
1191
1262
1141
1146
1221
1181
1150
1191
1188
1147
1224
1141
1067
1197
1137
1009
1173
1188
1049
1052
1165
1152
1090
1176
1179
1022
1132
1197
1142
1091
1179
1086
1112
1147
897
865
831
849
965
972
981
1102
1066
1052
996
1102
1138
1061
1061
1077
1134
1101
1051
1036
921
1134
1161
1079
989
1116
1125
1030
1041
1159
1096
958
1109
1108
970
967
1017
929
901
893
1123
1129
1060
989
1124
1171
1133
1048
1142
1170
1108
1080
1189
1060
1003
1111
986
1183
1236
1156
1168
1173
1151
964
1166
1240
1109
1101
1247
1209
1097
1170
1213
1183
1130
1229
1169
965
808
871
1132
1025
1132
1041
875
850
895
1053
1014
1048
1054
987
1048
1043
1066
1081
1024
914
908
991
1111
984
1106
1148
1122
1156
1063
1031
1153
1182
1149
1169
1063
1080
1151
1151
1045
1059
1197
1167
967
1112
1143
1087
1209
1166
1087
1194
1152
1047
1166
1187
1120
1113
1065
1169
1119
1017
1008
882
852
824
790
769
781
1124
1099
1077
1077
1082
1042
993
1091
1114
1126
1105
1148
1053
1061
1199
1210
1187
1023
1131
1164
1104
1063
1164
1166
1104
1110
1192
1189
1112
903
1110
1148
936
1169
1167
1128
1017
1162
1132
1105
1029
889
955
1066
1085
853
918
1163
1188
1116
1054
1119
1002
942
1127
1172
1105
1002
1127
1206
1117
1094
1206
1196
1113
1152
1151
1083
1022
1186
1194
1089
1121
1185
1089
992
1161
1187
1152
1183
1124
935
1070
870
841
879
1190
1034
1050
1094
1117
1140
1165
1085
1049
1178
1195
1124
1056
1188
1206
1066
1140
1224
1211
962
1071
1241
1207
1133
1193
1155
1056
1227
1145
1017
1200
1241
1144
1171
1169
910
1071
1053
902
986
1241
1183
1106
1156
1130
1043
1184
1199
1126
1092
1163
1178
1003
1205
1245
1151
934
1211
1218
1177
1143
1120
1173
1174
1148
1007
1122
1184
1174
1109
1099
1234
1189
1063
1110
1186
1085
958
1088
1231
1147
1005
1184
1108
852
792
820
832
840
832
1053
1089
1007
1017
1059
1045
999
932
967
1011
945
1011
1114
1132
1110
1209
1127
989
1227
1231
1072
1223
1260
1072
1224
1227
1167
1269
1221
1172
1247
1178
1047
1043
1066
988
850
813
797
879
1039
926
1023
1082
1124
1081
1054
1102
1150
867
874
910
1120
1239
1091
1141
1194
1211
1189
1189
1025
1229
1226
1207
1101
1178
1255
1116
994
1234
1230
1175
1148
1225
1216
1155
1205
1136
967
1167
1271
1159
1163
1044
914
947
1222
1179
997
879
925
982
927
891
874
866
813
788
743
748
718
699
701
685
665
670
667
670
732
781
726
876
1152
1133
1077
1085
1169
1179
1148
1113
928
794
863
1201
1153
1152
1146
1030
1120
1173
1154
1153
1013
959
800
817
796
816
1196
1229
1213
1142
1174
1151
1164
1162
1144
1097
1188
1047
1173
1146
1084
1109
1194
996
1194
1228
854
770
775
751
731
729
1136
1015
969
967
1139
1122
1024
1075
1039
974
944
990
876
1052
1203
1206
1173
1170
1146
1119
1139
998
1056
1156
1147
1087
1127
938
1032
1155
1153
1123
1147
969
1152
1187
1179
1093
881
1046
1183
1177
1124
1132
1145
1060
1059
1162
1174
1168
1173
1072
1180
1127
1045
920
1030
1058
1121
1022
1080
1084
1112
1073
967
997
1085
1080
1055
895
1021
1126
1115
1104
1000
1134
1172
1102
961
1121
1162
1110
1023
1158
1139
985
1095
1098
1040
910
1085
1059
896
879
867
1099
1156
1138
993
1048
1087
1115
954
1040
1188
1133
949
1123
1189
1093
1065
1185
1166
997
853
921
1050
1068
964
813
790
782
974
1083
1127
1137
1006
998
1153
1158
1035
965
1111
1108
964
1161
1164
1065
1017
1180
1198
1126
1098
1186
1115
1103
1146
1045
1046
1275
1121
854
933
1063
860
1029
1054
919
1068
1077
1041
983
1075
1073
935
972
1060
1060
1004
1113
1104
966
1126
1192
1115
1137
1107
1033
1150
1134
954
1127
1183
1049
1129
1125
1049
1188
1168
1053
1062
1149
1118
1124
1164
1087
1074
1168
1120
1111
1182
1122
1101
1140
964
1063
934
987
1228
1053
1007
1111
999
814
869
945
889
1069
1079
913
913
957
906
804
819
922
870
823
821
844
1048
1094
1079
1042
1016
1137
1133
1042
927
1105
1013
1188
1198
992
1044
1255
1197
1082
1249
1189
1075
1013
1171
1243
1091
1145
1285
1167
1230
1216
1088
1299
1261
1191
1219
1271
1203
1160
1229
1234
1144
1219
958
1270
1238
1222
1116
1212
1194
1055
1157
1054
899
905
1214
1208
1183
1160
1178
1061
1158
1179
1207
1159
1120
1194
1177
1057
1166
1167
1136
1048
1140
1177
1201
1042
1116
1185
1160
993
1116
1193
1026
1146
1213
1110
1106
1190
1133
890
1104
1173
1174
1084
1142
1138
1145
1137
1072
1163
1162
1146
1144
1191
1106
1103
1173
1089
1083
1174
1093
984
993
886
779
846
993
965
812
828
823
758
798
810
799
777
790
824
769
787
781
768
781
834
855
990
978
906
996
1133
989
965
1106
1079
1011
1104
1118
988
918
975
933
790
768
763
766
801
819
794
864
867
809
834
851
873
826
805
881
974
959
925
869
985
1062
985
913
1040
983
877
946
1096
1084
912
991
1106
1126
956
997
1061
1017
881
964
1051
1128
1071
969
1013
920
945
1024
954
1036
1100
1057
1071
1183
1149
989
1183
1189
1089
1077
1243
1143
960
1181
1193
1079
1156
1159
1055
1094
1169
1106
1100
1151
918
915
981
925
1064
1067
999
981
919
842
843
1009
1061
1027
996
873
981
1081
1114
1005
961
1001
822
763
714
692
716
841
958
1100
1115
1068
1019
946
894
871
839
835
805
766
723
737
734
1069
1057
1079
1078
1117
1092
1081
1006
1068
1042
1050
923
1020
1036
946
896
1011
1071
1214
1063
1121
1127
1085
973
985
1013
993
925
958
1036
1030
938
1042
1065
1034
949
849
788
770
796
1042
842
929
985
1006
997
936
995
1014
1000
927
1083
1167
1040
1140
1187
995
1123
1220
1182
1071
1198
1205
1050
1112
1161
1080
1163
1214
1097
1145
1254
1125
1119
1222
1189
1057
1144
1146
1105
1125
1210
1047
1120
925
885
1144
1212
1131
1033
1015
1168
1163
1061
1092
1181
1148
1070
1185
1166
991
1238
1233
1103
1182
1197
1137
1179
1204
1188
1113
1221
1212
1127
1113
1257
1154
1035
1051
888
875
1265
1196
1186
1040
1093
977
1136
1146
1130
1120
1039
1148
1170
1208
1069
1194
1239
1152
1195
1247
1192
1167
1259
1212
1193
1249
1211
1172
1243
1171
1176
1225
1147
1150
1218
1143
1188
1182
1162
1261
1194
1141
1261
1205
1176
1199
1231
1171
1197
1268
1201
1181
1227
1148
1082
1202
1170
1061
1181
1040
1018
921
1119
1172
1093
1144
1165
1109
1034
1171
1160
1079
1092
1167
1036
1110
1210
1144
1117
1188
1149
1122
1200
1119
1100
1196
1171
1105
1209
1160
1217
1238
1175
1183
1195
1102
1094
1251
1154
1084
1173
1069
1143
1189
1077
1084
1122
1015
979
1111
1161
1034
1042
1100
1031
930
1122
1111
1054
1126
1123
1037
1046
1086
996
1018
1106
1061
886
1004
1001
806
786
806
1092
1067
964
1021
1053
1062
953
951
984
987
929
1077
1028
899
1031
1127
1082
1069
1123
1067
951
1127
1125
1003
1164
1132
933
1077
1214
1126
1138
1154
1098
1084
1153
1086
1106
1113
990
1117
1139
1107
1068
1166
1161
1100
1121
1139
1035
1033
906
1044
1180
1060
1095
1111
1058
942
1109
1162
1055
948
1148
1140
1059
1019
1166
1132
949
1180
1200
1074
1049
1168
1030
1047
1166
1106
1088
1149
1059
960
1155
1008
842
808
806
830
1117
1135
1062
1079
1101
1047
1128
1164
1109
1129
1237
1194
1075
1150
1094
1098
1206
1098
1122
1267
1164
996
1221
1034
1068
1133
989
1035
1140
1086
960
1097
1067
956
1022
1023
1046
1087
1121
1030
949
1062
1063
996
1039
1110
1075
962
1068
1101
921
1113
1128
942
868
887
1170
1073
1080
1118
1086
979
1104
1099
1040
1064
1157
1048
882
1241
1163
999
1079
1014
823
817
1261
1209
1104
1078
1146
1104
1015
1184
1174
1055
1081
1182
1092
1022
1188
1247
1089
1170
1219
1089
1117
1184
1152
878
1170
1191
998
1042
1132
1068
843
871
801
795
853
1021
995
1022
1063
1070
1058
1110
960
812
843
848
784
810
1140
1104
908
938
1016
898
1070
1214
1172
1089
1096
1167
1101
1088
1198
1112
1100
983
870
1142
1080
1119
1091
1029
930
896
806
788
896
946
891
926
915
846
875
899
854
909
992
992
956
881
878
1005
888
887
1137
1116
1008
1035
1167
1165
1108
1178
1187
1188
1150
1260
1225
1159
1166
1230
1015
1199
1203
1063
1106
1218
1145
1172
1158
1033
912
959
1197
1163
1148
1179
1104
996
1144
1133
1014
1128
1258
1074
1119
1128
960
1218
1081
975
1024
905
1044
1103
1180
1106
982
1067
1048
1032
1196
1100
1126
1193
1134
1108
1243
1188
1157
1246
1199
1104
1178
1168
993
1235
1153
932
1169
1197
933
992
1149
1083
1015
1101
1124
976
1084
1122
1064
999
1104
1113
996
1129
1110
1063
1129
1105
1086
1102
1056
937
1047
1087
935
859
856
1014
905
1057
1088
1025
992
1053
1053
1003
1066
1086
915
1050
1125
916
1146
1118
1001
992
1015
1146
926
1087
1130
1000
1140
1158
1101
1049
1215
1187
1045
1198
1166
1076
1208
1173
922
1062
907
1078
1150
1110
867
824
938
912
906
939
951
903
784
750
740
750
766
924
825
799
788
742
746
752
751
831
740
782
884
912
952
1012
1010
989
1057
1040
956
1115
1173
1115
1039
1088
1054
1115
1159
1050
1034
1114
1125
947
1027
907
978
1140
1038
1105
1108
1021
1101
1160
920
1146
1213
1131
1188
1218
1141
1172
1188
1063
1124
1227
1143
1072
1171
1189
995
1115
1134
1178
1047
1166
1145
1139
1169
1185
1087
1075
1210
1141
1064
1195
1166
997
1175
1195
1084
1113
1174
1192
1167
1206
1093
1093
1165
1174
1122
1179
921
843
839
1181
1140
1102
1065
986
1063
1051
973
767
822
1194
1141
1137
1145
1147
1085
1119
1134
1138
1084
1090
1093
1141
1199
1209
1129
949
1203
1221
1212
1086
1087
1250
1150
1205
1185
1147
1200
1266
1074
869
879
1270
1061
1220
1177
1064
1206
1104
1159
1106
1204
1060
1133
1190
1056
990
1089
1070
990
1060
883
930
776
829
756
730
735
721
727
737
758
793
810
793
791
780
769
743
702
700
698
691
667
693
747
896
994
991
1027
1018
1002
844
827
750
743
716
709
726
691
700
706
691
674
680
665
657
654
653
660
652
655
647
646
643
638
634
620
623
622
667
698
666
643
643
660
745
844
771
686
694
675
646
646
652
701
845
881
876
810
775
788
777
741
717
718
725
696
748
880
830
764
796
826
730
692
662
650
673
754
753
728
713
792
843
854
784
837
881
882
797
820
992
1006
899
960
970
844
760
763
1017
962
830
857
1021
1042
965
1027
1084
1000
942
1083
1134
1023
1082
1134
1141
1165
1212
1123
1068
1222
1172
1057
1174
1108
1127
1152
951
883
1118
1164
1149
1083
1093
1157
1126
1051
1146
1130
1066
1146
1189
1190
1054
1126
1230
1192
1195
1214
1131
1018
1154
1194
1146
1172
1169
1125
1145
1208
1156
1145
1227
1176
1152
1191
1002
931
1200
1211
1190
1076
1095
1141
1097
1042
1177
1025
948
1159
1172
1132
1093
1172
1115
1104
1180
980
985
1127
1060
1075
1104
1069
1168
1133
1087
1125
1146
1093
1126
1168
1170
1035
1007
876
979
1005
878
1108
968
895
1023
1052
906
942
960
861
813
859
902
856
887
926
887
849
872
924
929
933
931
965
967
926
989
991
949
927
1011
1052
963
830
934
999
1013
1023
1022
1031
996
1006
797
761
745
755
1038
952
979
964
919
983
1014
1002
973
990
970
920
1077
1055
1030
1094
1047
867
946
1107
914
785
929
1161
1116
979
1000
1160
1063
1044
1104
1087
1034
1131
1071
868
745
685
756
1168
1021
927
845
1000
1078
1086
1017
963
1022
1021
1016
1040
1030
981
882
985
1042
1064
1030
1027
1021
937
902
1094
1079
1013
1016
1111
1036
814
842
1149
1154
1029
982
1193
1119
991
1090
1129
1104
1112
1094
1100
1102
1077
1085
1081
1001
1034
1109
1059
1066
1057
838
912
1083
1035
921
1089
1093
1034
1033
1018
966
1005
988
909
839
837
1106
996
877
913
981
863
760
812
909
839
777
865
878
854
894
850
797
896
952
914
859
800
810
891
931
1020
991
828
868
938
967
972
954
925
902
950
1002
947
844
949
1097
1043
1051
1094
1073
1026
962
986
828
784
781
845
1055
1032
891
783
823
953
979
940
943
823
723
711
829
967
990
923
1007
985
959
928
963
995
838
765
739
743
798
775
883
923
953
861
891
886
859
772
810
828
792
726
727
744
752
726
683
693
740
795
760
694
677
689
750
802
726
691
691
721
725
729
700
661
653
688
763
802
794
694
670
684
718
810
861
798
812
879
841
728
688
694
803
940
919
854
838
913
933
804
720
711
732
952
973
905
866
977
1021
976
871
978
1059
1000
879
749
747
797
788
735
714
773
846
793
765
816
946
949
813
717
706
681
677
706
678
719
773
820
833
771
790
774
733
802
841
816
917
975
996
986
1019
1005
1021
948
809
1035
1095
1092
1067
1046
1126
1112
1102
920
760
727
729
1169
989
832
845
1080
1107
1054
971
1044
1057
1037
1049
1021
925
1023
895
813
1072
1099
1094
985
1063
1087
1052
981
1149
1134
996
867
1134
1144
1131
1065
1130
1126
1091
1043
854
763
1046
1166
1163
1115
979
951
1108
1108
1002
1152
1146
1132
1048
1106
1111
1042
1116
1163
1121
1059
1003
830
786
1188
1180
1070
1035
1130
1135
1105
975
784
706
688
720
849
851
801
942
1039
1013
963
877
950
993
1005
994
959
992
1026
1021
1044
994
909
1024
1087
1070
1049
1014
948
1052
1085
1063
1045
1053
1007
1007
1089
1098
1087
967
808
969
1034
879
864
1110
1116
1122
1036
842
753
847
1040
1064
1070
1074
1075
1050
1057
1060
1063
1097
1051
962
1055
1100
1042
916
975
806
765
771
892
788
903
1042
1085
1081
1050
1021
1033
998
845
985
1113
1113
1098
1025
1039
1063
941
973
966
889
870
1007
1021
943
824
738
730
930
947
872
921
985
970
936
944
957
939
867
790
763
703
659
634
626
613
601
602
726
726
692
690
665
682
698
723
738
732
719
707
700
699
680
667
649
626
605
604
603
622
678
687
676
692
753
764
710
667
635
627
622
631
637
607
595
594
586
598
649
713
729
703
770
798
755
726
661
633
638
685
804
770
713
670
659
685
721
764
723
722
734
718
681
651
664
688
762
771
715
736
774
779
780
732
723
701
669
650
678
713
699
675
679
678
668
645
626
616
606
606
635
689
672
669
753
815
780
720
660
647
674
738
741
729
732
812
813
774
725
751
753
741
729
744
790
776
720
728
793
766
761
727
692
722
776
724
704
714
708
722
760
756
751
697
690
668
647
625
602
601
591
607
677
742
709
672
673
688
685
652
661
664
650
627
628
687
768
819
846
824
743
746
744
695
662
628
637
716
818
807
745
771
775
775
686
654
680
728
771
798
846
866
805
717
682
748
971
950
886
798
795
760
741
834
890
834
772
799
930
889
825
817
806
783
716
735
809
809
764
840
994
962
902
910
919
861
893
894
782
734
757
938
945
865
802
809
729
659
626
629
640
743
771
777
729
684
725
789
820
819
764
706
659
643
690
771
794
816
780
727
688
730
844
909
921
923
764
758
763
741
706
759
938
897
820
811
813
776
704
693
713
742
726
653
635
625
619
656
900
878
931
820
801
943
936
847
921
1030
1015
886
764
778
756
807
1062
941
1045
1063
995
977
1001
961
882
817
1055
1031
933
1027
1028
987
838
808
810
788
887
939
1000
1044
1059
1004
1109
1004
1116
1164
1200
1183
1114
1177
1230
1209
1197
1229
1203
1095
1114
1047
1116
1094
920
859
1041
1119
1126
1105
1122
1100
1028
1066
993
1113
1115
1147
1132
1096
1114
1053
1072
1104
943
822
1157
1147
1135
1104
1106
1118
1116
993
1081
1148
1090
1211
1207
1215
1193
1083
1114
1047
961
1213
1187
1156
1138
1139
1162
1060
828
1089
1244
1210
1209
1063
1073
1052
1065
1142
1088
1127
1119
1135
1041
1135
1021
889
946
1163
1138
1143
1151
1137
1113
1001
1126
1148
1015
1084
1134
1115
1004
1193
1149
1158
1114
1123
1173
1139
1150
1112
1074
957
1063
1267
1220
1196
1178
1093
1156
1122
1016
1205
1174
1124
1136
1202
1157
1169
1248
1144
987
946
1032
985
948
1003
1038
940
1108
1090
1068
1077
1134
1093
871
868
1059
1007
987
1056
1113
1092
1038
1115
1117
942
881
896
1104
1131
1005
1104
1140
1127
1037
1156
992
1035
1174
955
962
1001
1061
996
1004
1035
880
883
1015
922
827
968
938
826
800
811
836
817
826
811
839
786
757
743
761
813
908
899
960
896
803
955
1011
991
856
904
1104
1021
914
1132
1119
1006
977
1034
1006
1075
1193
1136
977
1103
920
841
1178
1172
1150
1139
1057
1179
1184
1054
1198
1214
1099
1185
958
844
762
717
738
697
836
823
777
782
784
752
785
757
745
742
785
892
883
913
1003
1030
1036
1052
1117
1180
1149
1141
1031
1034
911
1210
993
1115
1231
1176
1123
1113
1115
1102
978
1117
1157
1151
1135
1149
1154
1106
836
785
794
854
1239
1211
1162
1148
1185
1140
1152
1106
943
1059
944
967
932
852
863
1137
1066
1000
1037
878
1011
1026
1011
954
963
975
1148
1156
1066
951
1204
1204
1194
1152
1187
1169
1237
1174
1127
1262
1251
921
1214
1255
1225
999
1225
1242
1153
1167
1219
1090
1082
1227
1188
1028
1229
1211
1223
1116
1193
1205
1229
1173
1198
1173
870
811
840
1156
1020
1054
1141
990
1047
1113
997
1117
1125
1109
1167
1168
1010
1137
1217
1176
1147
1123
1209
1155
1158
1211
1186
1177
1168
1175
1063
937
921
939
1015
1210
1186
1153
1144
1096
1155
1166
1111
1021
1186
1159
951
881
1164
1162
985
1148
1196
1127
1072
1166
1121
1125
1194
1159
1158
1139
952
1000
1105
1182
1073
965
1073
1086
1007
1141
1114
1087
1015
1110
1176
985
841
826
878
1211
1175
1146
961
1089
1091
1015
1191
1161
1065
1097
1109
1060
1047
1203
1187
1172
1195
1160
1190
1194
1130
1104
1200
1210
1166
1166
1221
1227
1036
1214
1223
1136
1171
1240
1159
1100
1104
1055
952
1163
1176
1071
1167
1265
1117
1092
1215
1166
847
826
818
1172
1060
1038
828
804
895
1067
1076
1095
937
1055
1103
1019
844
981
920
1077
1049
1105
1080
1050
1122
981
949
815
873
933
879
792
778
817
980
994
813
792
865
1005
1081
1083
1077
1090
1107
1001
999
1182
1156
1119
1031
1145
1130
1078
1008
1139
1122
966
1121
1093
1061
1106
1149
1049
1020
1153
1149
1090
1173
1120
822
797
873
1261
1203
1083
1177
979
1106
1111
1125
1152
1107
1141
1144
1155
1149
1158
999
1141
1135
1119
1021
1067
1006
1081
1086
969
1097
1115
1002
1134
1027
991
1028
985
1116
1141
1165
903
1045
1087
1015
1148
1205
1148
1091
1145
1081
893
882
1221
1177
1112
1136
1181
1161
1147
1152
1211
1194
1136
1181
1215
1164
1193
1151
935
903
991
1215
1205
1130
1118
1184
1150
1139
987
1154
1140
1146
1014
1171
1134
1014
951
975
940
1011
1141
1016
1072
1155
988
1053
1089
959
1101
1166
1140
1080
1111
1175
1003
1107
1077
1183
1094
934
878
1072
1202
1179
1180
1107
1132
1161
1091
1024
907
840
1108
1157
1143
1093
1076
1138
1126
1091
1030
1113
1039
1040
1120
1111
1057
915
988
1220
1112
1101
942
977
1173
1060
1087
1116
1017
969
875
794
823
1135
1045
925
995
995
894
981
1024
1031
904
971
996
952
1030
1010
875
1012
984
869
1072
1065
957
971
1026
1072
1032
851
956
1099
1079
1058
977
1092
1091
1030
1106
1060
883
834
817
1098
1112
994
1011
1070
1066
1017
941
1078
1097
1071
995
1039
938
900
1080
1104
1039
960
1083
1132
1020
972
1138
1114
946
1150
1130
1019
1028
1164
1146
1039
1082
1101
936
793
791
881
1151
1087
901
951
925
803
854
971
997
865
962
995
1000
931
999
1001
988
863
963
999
927
1007
959
799
716
701
723
766
961
909
922
821
750
771
764
739
743
853
938
952
956
922
851
897
885
910
870
747
731
698
686